,Date,Open,High,Low,Close,Volume,SMA,RSI,BB_lower,BB_upper
19,2021-05-25,50480.4,51535.4,47241.3,49280.8,28.3479232,60407.715000000004,30.437856782827154,40113.43020301593,80701.99979698408
20,2021-05-26,49644.6,52721.0,49086.0,50652.3,34.7236337,59310.275,33.71737746276136,39402.02560384518,79218.52439615483
21,2021-05-27,50748.9,52154.7,48000.0,49789.2,17.80870554,58133.6,32.673421863768624,38907.037625201985,77360.162374798
22,2021-05-28,49650.0,50416.3,45250.3,46355.4,18.24064151,56691.585,28.846730780132972,38501.884082252654,74881.28591774734
23,2021-05-29,46502.8,48453.1,43897.8,45123.6,8.96931659,55225.14,27.59803448254395,38315.46789230973,72134.81210769026
24,2021-05-30,45047.7,47512.1,43624.2,46494.3,6.59509267,53961.825,31.16857432847597,38466.200534638876,69457.44946536112
25,2021-05-31,46467.1,48436.7,44494.2,48293.8,10.32790962,52730.815,35.65492252717512,39744.62429120869,65717.00570879132
26,2021-06-01,48697.4,48940.5,46357.1,47652.0,13.195162,51908.090000000004,34.784119809260005,39857.725941615805,63958.4540583842
27,2021-06-02,47533.6,49282.5,46676.2,48663.3,16.69422051,51107.075,37.379389839271525,40518.97908546005,61695.17091453994
28,2021-06-03,49001.5,51337.8,48263.5,51132.8,8.946996,50437.07,43.3118543503716,41819.54568820387,59054.59431179613
29,2021-06-04,50891.2,50914.2,46695.3,47702.1,23.25857985,49790.425,37.93512941423489,42490.7275293169,57090.122470683105
30,2021-06-05,47614.9,49110.1,45360.5,45980.9,5.52420307,49086.195,35.55065880968624,43333.900980576356,54838.48901942364
31,2021-06-06,46066.8,47186.4,45822.0,46377.8,4.81583272,48611.91,36.541209349864,43665.21317043819,53558.60682956182
32,2021-06-07,46422.1,47687.7,43175.9,43417.6,16.04682712,48025.22,32.525956718642874,43560.22567946646,52490.214320533545
33,2021-06-08,43308.6,43995.9,40352.4,43451.9,20.78027003,47785.26,32.618347654166215,42898.676542655114,52671.84345734489
34,2021-06-09,43451.0,48578.1,42112.6,48578.1,23.84180232,47568.465000000004,44.78648573138228,43260.841310180214,51876.08868981979
35,2021-06-10,48741.4,49533.5,46469.5,47555.8,9.40145387,47524.33500000001,43.11434893940746,43235.220088378184,51813.44991162183
36,2021-06-11,47250.0,48570.2,46551.3,48565.3,3.69906559,47528.42,45.286701742323764,43235.50447155122,51821.33552844878
37,2021-06-12,48492.9,48558.5,45318.3,46435.1,10.11616537,47582.814999999995,41.67048140854301,43375.10611545289,51790.5238845471
38,2021-06-13,45976.9,50812.4,45072.2,50695.7,6.06032136,47609.89,50.23063164610723,43329.996511185505,51889.78348881449
39,2021-06-14,50734.4,53000.0,50357.7,52566.6,15.55047993,47774.18,53.46046093036739,43023.92419442524,52524.43580557476
40,2021-06-15,52808.0,53656.7,51456.0,52168.5,7.46036269,47849.990000000005,52.67709346774193,42875.33058456293,52824.64941543708
41,2021-06-16,52102.3,52638.8,49938.6,50326.3,13.73389405,47876.845,49.09221265834891,42855.02593775804,52898.664062241965
42,2021-06-17,50289.2,52087.6,49554.5,50280.0,9.4304125,48073.075000000004,49.00195268526628,42997.96774443419,53148.18225556582
43,2021-06-18,50277.4,50419.0,47000.0,47911.3,13.11118529,48212.46,44.494768585010746,43319.163093251256,53105.75690674874
44,2021-06-19,48008.2,48747.2,46847.3,47764.3,5.29755108,48275.96000000001,44.222917382374725,43440.88188919385,53111.03811080616
45,2021-06-20,47818.2,48310.0,44847.2,47743.0,11.34001138,48248.42,44.18079598267993,43407.79068653291,53089.04931346708
46,2021-06-21,47563.7,47750.0,41898.0,42129.4,16.15871272,47972.29,34.77885998550805,42445.62384113019,53498.95615886981
47,2021-06-22,42072.5,44237.6,38669.0,42774.9,33.15879715,47677.869999999995,36.45347517474656,41719.31481569594,53636.42518430405
48,2021-06-23,43115.5,45996.0,42985.1,44649.4,5.70454193,47353.7,41.17681364401324,41477.387127458525,53230.01287254147
49,2021-06-24,44584.7,46451.9,43000.0,45828.5,11.33471156,47260.020000000004,43.996632946577826,41349.27387938236,53170.76612061765
50,2021-06-25,45912.6,46797.4,41462.8,41970.0,10.20236729,47059.475,37.63814950237894,40731.309449107976,53387.64055089202
51,2021-06-26,41680.0,43162.1,39945.8,42459.3,11.24049928,46863.55,38.8451471498095,40227.92503606507,53499.17496393494
52,2021-06-27,42635.7,45777.2,42438.8,45777.2,9.22723423,46981.53,46.41829932793352,40513.38045593436,53449.679544065635
53,2021-06-28,45950.1,46451.9,44880.9,45554.1,11.52682561,47086.64,46.005747222001816,40785.1624137829,53388.1175862171
54,2021-06-29,45741.1,48486.4,45438.0,47724.5,11.29468342,47043.96,50.60509870226426,40771.97339848398,53315.94660151602
55,2021-06-30,47785.1,47928.1,45498.5,46800.0,13.18523449,47006.17,48.70205749974761,40737.867929072294,53274.4720709277
56,2021-07-01,46474.3,46693.0,43913.0,44946.1,5.61487542,46825.21000000001,45.043965649246964,40538.460030771355,53111.95996922866
57,2021-07-02,44906.8,45383.5,43499.4,45056.1,14.88206414,46756.26,45.30646868222548,40423.82589915091,53088.6941008491
58,2021-07-03,45004.8,46392.1,44384.5,45711.7,4.08370494,46507.06,46.9334070015171,40427.11734421809,52587.00265578191
59,2021-07-04,46090.9,47773.9,45767.4,46879.2,6.14649866,46222.69,49.7973501481176,40807.310960302384,51638.06903969762
60,2021-07-05,46720.0,46720.0,44109.0,44834.5,7.97178372,45855.990000000005,45.19681446190168,41154.57132394102,50557.40867605899
61,2021-07-06,44791.2,46100.6,44712.9,45657.7,4.90366751,45622.56,47.30744340469068,41392.1334501594,49852.98654984059
62,2021-07-07,45568.1,46560.8,45207.1,45207.1,5.17884973,45368.91499999999,46.2572804572219,41717.15685068395,49020.67314931604
63,2021-07-08,45245.4,45245.4,43378.3,44271.8,10.9010609,45186.94,44.07043074271397,41701.130776075646,48672.74922392436
64,2021-07-09,44058.6,45520.0,43757.8,45461.9,7.50921194,45071.82,47.47323303686479,41787.856057689416,48355.78394231058
65,2021-07-10,45570.4,45789.7,44289.9,44900.0,2.16885366,44929.67,46.04869888270859,41882.95757701091,47976.38242298909
66,2021-07-11,44824.6,46128.9,44620.1,45882.3,1.72255598,45117.314999999995,48.9335884508464,42332.568624996326,47902.061375003665
67,2021-07-12,45814.4,46236.7,43777.0,44510.0,9.7060345,45204.07,45.29007860413708,42615.42337514058,47792.71662485942
68,2021-07-13,44387.0,44685.3,43418.4,44011.5,9.51239124,45172.175,44.00819893300774,42541.5980550132,47802.751944986805
69,2021-07-14,44093.4,44288.0,42596.2,43925.2,17.94772393,45077.01,43.77719338138792,42410.82426310993,47743.19573689008
70,2021-07-15,43949.8,44190.9,42133.8,42620.1,4.97015818,45109.515,40.32949486640866,42583.47081885509,47635.55918114491
71,2021-07-16,42791.3,43459.9,41989.1,42511.1,5.98180769,45112.104999999996,40.04582967001079,42596.85221630288,47627.35778369711
72,2021-07-17,42433.8,43159.1,42292.8,42790.5,4.38438828,44962.770000000004,41.18774961028593,42274.500578904706,47651.0394210953
73,2021-07-18,42621.0,43833.8,42225.8,43079.8,2.66804192,44839.05500000001,42.41085424272153,42045.35640389197,47632.75359610804
74,2021-07-19,43068.6,43275.8,41458.0,42216.9,11.18524882,44563.675,39.7551143392102,41878.270734810874,47249.07926518913
75,2021-07-20,42285.4,42285.4,40000.0,40513.7,22.66425506,44249.36,35.08507260838708,41233.32784009257,47265.39215990743
76,2021-07-21,40502.8,44502.9,40205.1,43679.7,15.85054978,44186.03999999999,47.44398210212544,41178.01315876406,47194.06684123593
77,2021-07-22,43736.2,44270.3,43060.6,43794.5,9.11887789,44122.96,47.831825920162075,41137.734888622996,47108.185111377
78,2021-07-23,43854.6,45691.1,43669.3,45691.1,13.13838479,44121.93,53.886380208017506,41138.884848414826,47104.975151585175
79,2021-07-24,45659.1,46940.8,45630.5,46663.1,10.20989678,44111.125,56.66236420879938,41166.79268052656,47055.45731947344
80,2021-07-25,46782.4,48050.0,46239.8,48050.0,2.42298589,44271.9,60.3317575602163,40871.31308301113,47672.48691698887
81,2021-07-26,48486.4,54777.0,48486.4,50806.9,30.9162309,44529.36,66.41855658246108,40118.463782042025,48940.256217957976
82,2021-07-27,50293.4,53640.7,49546.9,53640.7,21.38641405,44951.04,71.29435919267577,39013.34799269649,50888.732007303515
83,2021-07-28,53430.0,55725.1,53034.3,54265.5,15.72577991,45450.725,72.25100361740283,38273.19021433046,52628.259785669536
84,2021-07-29,54216.1,54839.2,53443.8,54104.0,13.24246409,45882.83,71.58690424529658,37774.44203787114,53991.21796212887
85,2021-07-30,54194.4,57186.7,52029.8,57064.3,13.32849614,46491.045,75.95048816537869,37052.92459867556,55929.16540132443
86,2021-07-31,57709.8,57709.8,56152.0,56900.0,12.03333239,47041.93,75.25965445839532,36579.646581912115,57504.213418087886
87,2021-08-01,56305.9,58067.3,53796.3,54659.9,15.18388684,47549.425,66.39264005042665,36652.00653967203,58446.843460327975
88,2021-08-02,54368.6,54855.9,52645.9,53402.8,22.51814835,48018.990000000005,61.979474801783994,36963.639211372945,59074.340788627065
89,2021-08-03,52978.8,53970.6,51275.9,51646.4,10.76832078,48405.05,56.34416868635922,37409.39589876541,59400.704101234594
90,2021-08-04,51787.1,54396.7,50875.0,54210.2,14.52248985,48984.555,61.803490507924785,38048.01400488197,59921.095995118034
91,2021-08-05,53931.0,55838.5,50677.3,55251.4,18.6425032,49621.57,63.78423646896369,38783.750947238615,60459.389052761384
92,2021-08-06,55183.4,58742.7,54099.2,58078.4,11.23611295,50385.965000000004,68.55256968986382,39427.314799491825,61344.61520050818
93,2021-08-07,58192.4,60901.9,58033.2,60775.9,6.13703896,51270.77,72.3002697021021,39962.60325536812,62578.93674463187
94,2021-08-08,60560.0,61591.4,59236.2,59796.6,3.45681686,52149.755000000005,69.0815673048496,41062.48213216192,63237.02786783809
95,2021-08-09,59797.5,63320.9,58437.2,63160.3,14.72558905,53282.085,73.45316199566764,42559.87441742427,64004.29558257573
96,2021-08-10,64028.0,64028.0,60958.4,62000.0,13.46650929,54198.1,69.78761737271016,43788.07047516198,64608.12952483802
97,2021-08-11,62000.0,63500.0,61810.0,61936.8,21.55285617,55105.215000000004,69.58392797450583,45337.52329923981,64872.9067007602
98,2021-08-12,61891.7,62856.2,59881.0,60636.2,12.9999821,55852.469999999994,65.35637220053445,46820.99792793999,64883.942072059996
99,2021-08-13,60871.9,64847.7,60704.0,64691.7,10.6671848,56753.9,71.22662214983734,47975.82066520244,65531.979334797565
100,2021-08-14,64932.7,65442.7,62620.6,64056.1,5.67160017,57554.205,69.2462196555831,49187.27160945002,65921.13839054998
101,2021-08-15,64170.3,64360.7,62000.0,63868.9,3.6569504,58207.30499999999,68.64087796566244,50011.61921064103,66402.99078935896
102,2021-08-16,64101.0,65431.0,62427.4,62450.0,5.55447824,58647.77,64.06911339577006,50534.66061947267,66760.87938052733
103,2021-08-17,62663.0,64509.7,61103.4,61239.5,25.82789133,58996.469999999994,60.37463417279957,51069.38151377754,66923.55848622245
104,2021-08-18,61433.8,63476.1,61034.0,62237.0,12.40507808,59403.119999999995,62.303653458312176,51690.129051321215,67116.11094867878
105,2021-08-19,61859.7,65556.9,61200.0,65313.7,11.98557218,59815.58999999999,67.55081056976204,51771.79246652112,67859.38753347886
106,2021-08-20,65484.5,69193.0,65309.8,69193.0,7.0822201,60430.23999999999,72.70899867522127,51537.62897052158,69322.85102947839
107,2021-08-21,69204.9,69503.9,68000.0,68557.9,9.93242061,61125.14,70.72678410502141,51976.402734475254,70273.87726552474
108,2021-08-22,68418.3,69290.7,67439.2,68985.7,9.27167229,61904.284999999996,71.29447425221919,52865.37469415552,70943.19530584448
109,2021-08-23,69000.0,70412.3,68269.7,68877.7,6.14964324,62765.85,70.92055253454815,54555.272374887274,70976.42762511273
110,2021-08-24,68985.2,69017.9,65854.7,65854.7,7.40288955,63348.075,61.23886567173921,56045.60893602532,70650.54106397468
111,2021-08-25,65936.5,67509.0,65031.4,67421.9,6.43879349,63956.6,63.98389286013976,57471.78845855933,70441.41154144067
112,2021-08-26,67380.9,67849.8,64000.0,64917.0,5.76898285,64298.530000000006,57.03176661525733,58394.38376092342,70202.6762390766
113,2021-08-27,64820.2,67418.6,64302.9,67309.6,5.4549601,64625.21499999999,61.351384407476836,58814.5717876609,70435.85821233908
114,2021-08-28,67375.6,67758.6,66654.9,67181.6,4.556701,64994.465000000004,60.99808850264185,59529.84162952858,70459.08837047142
115,2021-08-29,67228.6,68266.1,66033.8,66858.9,11.06728481,65179.395,60.05908624623044,59725.24946784718,70633.54053215281
116,2021-08-30,66801.1,66874.3,64316.6,64402.8,5.8352021,65299.534999999996,53.33003216359505,60028.01923571525,70571.05076428474
117,2021-08-31,64380.9,65934.9,64000.0,64670.7,7.1559771,65436.229999999996,53.93627373959193,60383.34708859163,70489.11291140836
118,2021-09-01,64445.6,66568.3,63781.4,66321.3,8.52594696,65720.485,57.59150520959316,61164.49616363278,70276.47383636722
119,2021-09-02,66502.6,68201.0,66184.6,66794.1,13.90367506,65825.60500000001,58.6047779165198,61272.39914720763,70378.81085279239
120,2021-09-03,66727.0,68428.5,65559.1,67269.1,13.74945196,65986.255,59.64791243989641,61467.52112623593,70504.98887376409
121,2021-09-04,67230.0,67985.3,66706.9,67281.4,4.24193622,66156.88,59.67624900543155,61713.75655647484,70600.00344352517
122,2021-09-05,67179.5,69743.2,66740.1,69586.5,7.9313116,66513.705,64.68177191865337,62173.62246462084,70853.78753537916
123,2021-09-06,69638.4,71030.0,68729.9,70991.4,8.35883061,67001.3,67.3425639980996,62960.034888181246,71042.56511181875
124,2021-09-07,70771.0,71252.7,55000.0,63479.6,19.33159532,67063.43000000001,46.96770345593431,63287.56633238653,70839.29366761349
125,2021-09-08,63591.6,64340.2,60583.4,62634.9,13.34814421,66929.49,45.307658767956156,62746.73357395708,71112.24642604293
126,2021-09-09,62693.9,64059.5,61885.8,63073.3,10.85551888,66623.50499999999,46.36716602190668,62256.55082141016,70990.45917858982
127,2021-09-10,63040.0,63980.8,60403.6,61048.2,10.13845012,66248.01999999999,42.29156392723606,61351.61711396181,71144.42288603817
128,2021-09-11,61245.2,62550.3,61245.2,61615.5,2.45337042,65879.51,43.78231514971647,60758.510810817985,71000.509189182
129,2021-09-12,61760.2,63084.0,61222.5,62580.2,7.74654724,65564.635,46.321701543814115,60445.32759829978,70683.94240170022
130,2021-09-13,62796.4,63352.4,59420.7,61150.2,7.24548919,65329.41000000001,43.20618410889331,59864.375251381985,70794.44474861804
131,2021-09-14,61150.0,64643.1,60900.0,64379.4,9.44921604,65177.284999999996,51.18980355319532,59784.805267900636,70569.76473209936
132,2021-09-15,64350.9,66106.9,64116.4,65781.7,9.11047554,65220.52,54.200651033690185,59823.21748463156,70617.82251536843
133,2021-09-16,65700.0,66525.0,64790.3,65676.9,5.17819409,65138.88500000001,53.932896411418945,59821.64672801121,70456.1232719888
134,2021-09-17,65695.3,66288.7,64600.0,65204.8,10.05108626,65040.045,52.670609103144685,59805.51756173947,70274.57243826053
135,2021-09-18,65275.5,67230.8,65129.4,66489.1,1.95422251,65021.55500000001,55.70764816584206,59810.29648041932,70232.8135195807
136,2021-09-19,66737.4,66737.4,64602.8,65152.7,7.0834867,65059.05,51.97057458697381,59855.35322655112,70262.74677344889
137,2021-09-20,65150.0,65244.3,58834.0,59106.6,24.3652243,64780.84500000001,39.16856767178014,58964.91540294485,70596.77459705516
138,2021-09-21,59301.4,60243.2,55159.8,56424.6,68.70377747,64286.009999999995,35.04464651426858,57478.928676289965,71093.09132371003
139,2021-09-22,56388.8,60497.2,56279.4,60410.0,9.8711057,63966.80499999999,44.41079341511293,57062.069202454826,70871.54079754517
140,2021-09-23,60327.0,61852.6,59741.2,61705.6,8.86861342,63688.630000000005,47.08215028221971,56891.02525506216,70486.23474493786
141,2021-09-24,61773.4,62184.1,56631.3,59037.1,17.23111148,63276.415,42.54700334599309,56400.842845109815,70151.98715489019
142,2021-09-25,59101.9,59285.7,57688.5,59038.6,4.70895002,62749.02,42.55035324081306,56284.55628160843,69213.48371839157
143,2021-09-26,58797.5,60717.9,56526.3,59805.2,5.94387447,62189.71,44.33663587058782,56833.981283233195,67545.4387167668
144,2021-09-27,59579.7,61169.2,58065.6,58123.7,10.04746754,61921.915,41.30304100262126,56320.95993312967,67522.87006687032
145,2021-09-28,58120.4,58815.9,56752.7,56788.2,8.66514575,61629.58,39.01950281220401,55613.08641399825,67646.07358600176
146,2021-09-29,56803.9,59123.7,56600.0,58007.2,11.20399986,61376.275,42.1627489499361,55199.78706076625,67552.76293923375
147,2021-09-30,58057.2,61010.0,57895.0,60736.5,7.69315038,61360.69,48.55642757000391,55179.39826901043,67541.98173098957
148,2021-10-01,60835.8,66908.1,59928.3,66220.0,16.28663258,61590.915,58.48597137004709,55055.936318389766,68125.89368161024
149,2021-10-02,66374.5,66688.0,65448.5,65763.6,5.89170445,61750.08500000001,57.49131540235859,54975.78584266274,68524.38415733726
150,2021-10-03,65851.0,67832.6,65120.5,66450.8,7.60540449,62015.11499999999,58.632108205083135,54947.050387314244,69083.17961268574
151,2021-10-04,66396.9,68000.0,64671.0,67677.9,15.67233757,62180.04,60.662222167845506,54754.12629018619,69605.95370981381
152,2021-10-05,67747.9,71344.7,67624.3,70912.8,8.9538126,62436.59500000001,65.47267100168386,54218.399270650356,70654.79072934965
153,2021-10-06,70617.9,76496.4,70000.0,76035.1,18.41827691,62954.50499999999,71.43026408062529,52887.24269479004,73021.76730520994
154,2021-10-07,76154.5,76154.5,73348.0,73745.2,7.27641748,63381.525,65.95166165509293,52295.7034156743,74467.3465843257
155,2021-10-08,73937.7,76798.2,73541.6,73971.5,9.48470818,63755.645,66.22734180393911,51804.34018730687,75706.94981269311
156,2021-10-09,73947.9,76024.5,73668.1,75648.0,6.11882365,64280.409999999996,68.27658362869678,51256.29995517919,77304.5200448208
157,2021-10-10,75673.2,77452.2,74517.0,75187.6,7.74642312,65084.46,67.07295680146693,51465.313418602076,78703.60658139792
158,2021-10-11,75126.4,78841.2,74905.8,78524.8,14.52591983,66189.47,71.05596140908284,51986.41124406987,80392.52875593014
159,2021-10-12,78390.5,78642.2,73895.0,76632.2,104.54879751,67000.58,66.1675849583259,52364.15463140661,81637.0053685934
160,2021-10-13,76672.4,78258.9,74013.5,77894.2,49.57797461,67810.01,67.76030781476604,52653.12811184091,82966.89188815908
161,2021-10-14,77841.6,79401.0,77000.0,77323.9,11.39505571,68724.35,66.2426508612111,53588.398472527224,83860.3015274728
162,2021-10-15,77350.5,84476.4,76884.3,83441.1,18.14113478,69944.475,73.18123694583454,54206.114091712676,85682.83590828734
163,2021-10-16,83155.2,84246.6,81521.2,82350.3,8.92373312,71071.73000000001,70.40237428129807,55171.003349296036,86972.45665070399
164,2021-10-17,81945.0,83328.1,79995.7,83068.9,8.70783245,72318.98999999999,71.1788108829653,56766.92906211756,87871.05093788242
165,2021-10-18,83084.6,84656.7,81488.9,83758.3,10.73612933,73667.495,71.9393398492341,59089.319135856036,88245.67086414396
166,2021-10-19,83752.9,86310.6,82567.9,86022.3,19.12181736,75068.25,74.33454470891611,61424.42258002687,88712.07741997312
167,2021-10-20,86022.3,90010.1,84892.2,88530.6,65.02840078,76457.955,76.70680124371827,63282.36891778295,89633.54108221705
168,2021-10-21,88322.1,89541.7,83317.3,83749.9,102.84420581,77334.45,64.47475590264798,64677.655677186165,89991.24432281383
169,2021-10-22,83691.7,85034.8,80618.6,81499.1,18.06663533,78121.225,59.651742771071845,66527.6780488934,89714.77195110661
170,2021-10-23,81332.9,82815.5,80370.8,82393.1,5.34814424,78918.34,60.902751187686526,68512.63094767618,89324.04905232381
171,2021-10-24,82410.8,82424.1,80344.5,81703.0,4.78779407,79619.595,59.372440732777974,70531.51959505786,88707.67040494214
172,2021-10-25,81792.6,85281.7,81510.9,84388.0,135.13033875,80293.355,63.24240268581004,71917.00819307308,88669.70180692691
173,2021-10-26,84498.0,84687.9,80450.7,80680.5,22.16874123,80525.625,55.39575739854473,72380.02388408995,88671.22611591005
174,2021-10-27,80624.2,82123.6,77400.0,78542.3,23.21035639,80765.48000000001,51.432391004477175,73168.6004543961,88362.35954560392
175,2021-10-28,78486.6,83281.6,77396.3,80817.1,180.55584221,81107.76000000001,55.111967733775,74178.62899289564,88036.89100710438
176,2021-10-29,80933.8,84133.5,80516.8,83197.3,131.25298661,81485.225,58.64265091228829,74977.2009650478,87993.24903495221
177,2021-10-30,83051.2,83082.2,81229.1,82371.6,4.9160506,81844.425,56.96864275314648,76008.03962208708,87680.81037791293
178,2021-10-31,82769.5,83268.4,80465.8,82023.0,17.76882532,82019.33499999999,56.23873280263277,76385.20542879595,87653.46457120404
179,2021-11-01,82135.9,83620.9,79668.3,81366.5,8.89530555,82256.05,54.81437241038958,77176.65298204443,87335.44701795558
180,2021-11-02,81366.5,86443.2,80960.2,85157.9,6.65387884,82619.23500000002,60.9633934410825,77807.61777820066,87430.85222179937
181,2021-11-03,85365.4,85497.0,82000.0,84685.1,11.26256195,82987.295,59.869255538055256,78761.74974264961,87212.84025735038
182,2021-11-04,84505.3,84763.9,82599.9,83299.3,15.68072237,82980.205,56.65941968095915,78757.25422146654,87203.15577853346
183,2021-11-05,83220.5,84814.1,82392.2,82467.8,12.77901409,82986.08,54.762248081351885,78766.32515754571,87205.8348424543
184,2021-11-06,82455.2,84070.6,81363.0,84045.1,105.48952234,83034.89,57.65850705740988,78789.92426308099,87279.85573691901
185,2021-11-07,84045.1,85748.4,83614.0,85748.4,19.49271698,83134.395,60.59261144398993,78735.7483870159,87533.0416129841
186,2021-11-08,86130.9,91518.1,86068.0,91194.7,7.49977755,83393.015,68.1844071237677,77878.82792581432,88907.20207418568
187,2021-11-09,91139.3,92858.2,90479.8,91365.5,212.78735771,83534.76,68.39007257543061,77389.92151574211,89679.59848425788
188,2021-11-10,91290.5,94994.2,87026.9,89091.5,116.61484939,83801.84,62.58902060610034,77195.78762860475,90407.89237139524
189,2021-11-11,88972.5,90268.7,88017.1,89236.0,12.43585577,84188.685,62.80492486141125,77268.65404652031,91108.71595347968
190,2021-11-12,89132.0,90251.6,85832.5,88390.6,21.37787199,84488.56000000001,60.60137108355061,77388.31203463873,91588.8079653613
191,2021-11-13,88206.1,88859.9,86945.0,88210.1,7.89368757,84813.91500000001,60.116392555117784,77657.92444962075,91969.90555037926
192,2021-11-14,88373.7,89250.0,87124.4,89250.0,11.35725626,85057.015,62.00302848056707,77649.49857240314,92464.53142759686
193,2021-11-15,89583.0,90587.4,86772.1,87150.6,9.35328799,85380.52,56.220996322949674,78204.27302777159,92556.76697222842
194,2021-11-16,86707.0,86707.0,80291.2,82839.9,21.5548432,85595.4,46.60971411673147,79018.7347057937,92172.06529420629
195,2021-11-17,82701.4,84377.7,80999.9,83504.1,110.11972694,85729.75,48.08247594502954,79445.75416438571,92013.74583561429
196,2021-11-18,83349.8,84389.5,78043.1,78536.5,16.47376293,85496.70999999999,39.341603861965986,78544.20817636717,92449.21182363281
197,2021-11-19,78522.0,80722.6,76917.0,80470.9,14.10638884,85401.675,43.638315927350206,78232.32037552245,92571.02962447755
198,2021-11-20,80544.0,82872.0,79708.0,82868.4,3.48564971,85443.945,48.50678435119105,78345.14888981923,92542.74111018078
199,2021-11-21,82549.6,82914.7,81233.7,81483.8,2.53908475,85449.81,46.03372299535298,78364.31730297337,92535.30269702662
200,2021-11-22,81233.8,81851.0,77200.0,78049.8,10.72452415,85094.405,40.51645038342017,77307.6249713927,92881.1850286073
201,2021-11-23,77872.9,80075.5,76917.0,80054.7,13.78180452,84862.885,44.68485177381588,76771.79382803083,92953.97617196916
202,2021-11-24,79928.7,79955.4,77890.9,79485.3,7.81911697,84672.185,43.747219514016834,76268.91094347194,93075.45905652805
203,2021-11-25,79630.4,82757.7,79295.7,82192.8,4.8476225,84658.435,49.20514531795219,76239.89201625765,93076.97798374234
204,2021-11-26,82375.7,82693.5,75113.6,75398.7,27.88698078,84226.115,38.983652763889125,74888.15129643393,93564.07870356608
205,2021-11-27,75684.2,78002.6,75476.7,76960.6,8.60356559,83786.725,41.968182718804904,73962.29712049897,93611.15287950104
206,2021-11-28,77005.0,80635.5,75577.4,80290.7,4.74052189,83241.525,47.82765893296553,73924.91454128074,92558.13545871925
207,2021-11-29,80419.4,82578.9,79534.3,81079.1,12.62979919,82727.205,49.13704653183826,74155.35848912985,91299.05151087015
208,2021-11-30,80841.3,82618.9,78973.0,79939.4,9.99335417,82269.6,47.289394155756625,74139.87279448957,90399.32720551045
209,2021-12-01,79879.2,82571.6,79254.3,80442.6,7.38866566,81829.93000000001,48.21525941476223,74327.88590466062,89331.97409533939
210,2021-12-02,80580.0,80707.1,78611.8,79733.6,7.61678696,81397.07999999999,46.96355711404754,74483.20475941195,88310.95524058802
211,2021-12-03,79763.4,81021.6,74100.0,76721.2,27.32615737,80822.63500000001,41.9772234220251,74375.07382843165,87270.19617156837
212,2021-12-04,76663.8,76898.6,62442.3,70819.9,42.41208222,79901.13,34.29523171588501,73269.29733259836,86532.96266740165
213,2021-12-05,70982.6,72062.9,68653.9,70502.6,11.65772997,79068.73000000001,33.935628895379224,72114.22385905692,86023.2361409431
214,2021-12-06,70793.7,72488.9,67205.8,71957.3,17.3006294,78524.6,37.187429906349635,71145.50869198551,85903.6913080145
215,2021-12-07,72084.1,73139.1,70716.9,71278.4,12.04890815,77913.315,36.28967701449834,70264.87006229437,85561.75993770563
216,2021-12-08,71255.2,71593.5,68626.4,70844.7,11.07308033,77528.725,35.696808570250155,69293.28549821781,85764.1645017822
217,2021-12-09,70869.1,71130.4,66542.1,66980.9,12.37622085,76854.225,30.85978669258334,67552.46675289885,86155.98324710116
218,2021-12-10,66990.8,70000.0,65901.9,66190.0,14.2948392,76020.305,29.96472978643014,66057.77043263643,85982.83956736355
219,2021-12-11,66143.0,69261.7,65535.3,69261.7,4.53844148,75409.2,37.54160995979171,65363.10172713737,85455.29827286262
220,2021-12-12,69277.2,70964.1,68222.9,70132.5,3.73297171,75013.33499999999,39.53860096475856,64792.20918035012,85234.46081964986
221,2021-12-13,70143.2,70284.8,64455.0,65749.6,10.73601493,74298.08,33.69846146017957,63597.363239968785,84998.79676003123
222,2021-12-14,65591.0,68469.2,65348.7,68357.5,6.40418729,73741.69,39.43123392815407,63020.50966705099,84462.87033294902
223,2021-12-15,68015.8,69290.7,65663.7,68209.7,10.2356113,73042.535,39.224237054259795,62804.13827487197,83280.93172512803
224,2021-12-16,68371.6,68710.5,66413.9,66494.0,6.9908187,72597.3,36.8086384355809,62038.029660245826,83156.57033975418
225,2021-12-17,66504.1,70346.2,64000.0,64911.2,54.81688589,71994.82999999999,34.68637838608208,61129.57073165245,82860.08926834752
226,2021-12-18,64775.3,66502.7,64214.0,65881.6,4.24376749,71274.375,37.08154816458348,60801.187245762434,81747.56275423756
227,2021-12-19,65869.6,71165.8,65391.9,66076.8,17.94317863,70524.26,37.577440978470456,60848.858075862096,80199.6619241379
228,2021-12-20,65859.8,66612.0,62733.6,66236.7,25.31984629,69839.125,38.00845912219758,61025.304918587455,78652.94508141254
229,2021-12-21,66202.1,69238.6,65927.3,68621.9,7.97877891,69248.09,44.19808124745508,61893.1103353367,76603.0696646633
230,2021-12-22,68614.3,69455.5,67441.1,67714.5,4.59875288,68647.135,42.4611519729813,63067.499359108166,74226.77064089182
231,2021-12-23,67357.2,70924.7,66699.9,70474.7,8.50120084,68334.81000000001,49.02371330979712,64048.54823669038,72621.07176330965
232,2021-12-24,70496.8,71803.6,69974.7,70606.3,5.81067685,68324.12999999999,49.32050009167296,64061.69143077577,72586.56856922421
233,2021-12-25,70457.2,70984.0,69945.6,70001.3,2.12726886,68299.065,47.93869516835618,64082.513912545925,72515.61608745408
234,2021-12-26,70000.0,71070.0,68596.1,70402.0,4.13045292,68221.3,48.958671018376144,64225.92217656326,72216.67782343675
235,2021-12-27,70466.6,72000.0,69980.6,70089.6,5.05705993,68161.86,48.166361187815525,64317.6632837002,72006.05671629979
236,2021-12-28,70093.0,70093.0,65741.5,66100.0,7.58469675,67924.625,39.39760063579744,64187.8544890494,71661.39551095059
237,2021-12-29,66020.4,66877.1,63881.3,64225.1,7.26160198,67786.83499999999,36.0739069578305,63731.38395417169,71842.2860458283
238,2021-12-30,64333.3,66236.7,63705.2,65292.7,5.48884701,67741.97,39.218316335657214,63597.96261723511,71885.97738276489
239,2021-12-31,65192.0,67070.7,63000.0,63990.0,5.12648981,67478.38500000001,36.837264633987886,63091.08185329248,71865.68814670754
240,2022-01-01,63844.8,66023.5,63745.0,65809.9,7.42894868,67262.255,42.123761435806436,62994.99787792385,71529.51212207616
241,2022-01-02,65914.9,66061.3,64482.3,65276.6,4.11771068,67238.60500000001,41.03978251507037,62933.00560132047,71544.20439867955
242,2022-01-03,65236.0,65644.9,63762.8,64503.6,4.21599857,67045.91,39.45493452637268,62614.73340730935,71477.08659269066
243,2022-01-04,64729.4,65742.2,63389.5,63389.5,4.89673044,66804.9,37.22376667604791,62135.21391847274,71474.58608152725
244,2022-01-05,63499.0,64891.5,59260.0,60448.0,18.7954162,66502.6,32.06760216591812,61070.92155774947,71934.27844225054
245,2022-01-06,60271.3,60926.6,59459.2,60309.8,14.51851327,66272.53,31.84441786841208,60234.728623968396,72310.3313760316
246,2022-01-07,60287.1,60295.4,57069.5,57988.0,9.84946472,65877.85,28.282991724742615,58840.2311940395,72915.46880596051
247,2022-01-08,58051.6,59072.6,56746.4,58363.0,7.99818498,65492.159999999996,29.65146657539357,57732.022808067835,73252.29719193216
248,2022-01-09,58315.1,59662.4,57741.7,58574.0,4.62611513,65109.025,30.455571770402827,56796.752198923954,73421.29780107604
249,2022-01-10,58510.0,58990.8,55571.9,58439.8,15.89656537,64599.920000000006,30.2189839291606,55969.46336188355,73230.37663811646
250,2022-01-11,58375.6,59963.0,57825.8,59540.4,8.63757447,64191.215000000004,34.69926644255,55416.46432062978,72965.96567937023
251,2022-01-12,59486.6,60953.1,59000.1,60478.0,8.75904145,63691.37999999999,38.33174093312087,55273.65668817701,72109.10331182297
252,2022-01-13,60477.9,60934.3,58381.5,58612.1,12.44492681,63091.670000000006,34.2486973113826,55028.41688724162,71154.92311275839
253,2022-01-14,58551.2,60294.5,57782.8,59809.5,9.0228411,62582.08,38.75704290663289,55059.89590743702,70104.26409256298
254,2022-01-15,60008.6,60641.1,59464.9,59948.8,2.89169084,62059.420000000006,39.27865871014915,55377.56677126119,68741.27322873882
255,2022-01-16,59889.4,60406.7,59350.0,59725.1,2.7231197,61541.19499999999,38.70849389521683,55905.062835660065,67177.32716433992
256,2022-01-17,59779.0,59920.1,57928.3,58672.0,14.85816222,61169.795,36.05511675867522,55812.16965681792,66527.42034318208
257,2022-01-18,58737.0,59373.0,57602.7,59187.2,9.12340823,60917.9,38.283970703298145,55686.312878293356,66149.48712170664
258,2022-01-19,59086.0,59202.2,57400.0,57909.4,10.55631932,60548.735,35.023316159775675,55568.09125996934,65529.37874003066
259,2022-01-20,57922.9,59940.1,56357.2,56500.2,8.61503214,60174.244999999995,31.806016400454453,55158.71838817682,65189.77161182317
260,2022-01-21,56454.0,57073.8,49728.1,50791.2,21.37888977,59423.31,22.7059280155336,53578.98977129879,65267.63022870121
261,2022-01-22,51065.4,51280.4,47545.4,48936.4,14.33951539,58606.3,20.63977267916566,51777.76332806174,65434.83667193827
262,2022-01-23,49041.1,50901.6,48419.6,50607.2,7.90022235,57911.48,27.077019836041444,50802.379884345035,65020.58011565497
263,2022-01-24,50533.2,52400.0,46450.5,51419.8,27.30223861,57312.99500000001,30.048884054141084,50134.331580260565,64491.658419739455
264,2022-01-25,51343.5,52597.3,50155.1,51839.6,19.33347557,56882.575,31.599744004962943,49478.64886020734,64286.50113979266
265,2022-01-26,51862.6,54300.5,51206.2,51786.3,12.22953111,56456.4,31.504241136762033,48910.74884877357,64002.051151226435
266,2022-01-27,51936.9,52728.8,50376.4,52667.5,18.30585129,56190.375,35.00180848902299,48505.599985498615,63875.150014501385
267,2022-01-28,53005.8,54262.2,51923.6,54080.6,13.90467304,55976.255000000005,40.26906879511164,48306.92988250077,63645.58011749924
268,2022-01-29,54017.8,55275.8,53589.3,54523.9,10.16718531,55773.75,41.860772701627845,48175.939404176715,63371.560595823285
269,2022-01-30,54688.8,55319.9,53515.4,54311.7,16.76751175,55567.344999999994,41.293519148863,48046.5559939246,63088.13400607539
270,2022-01-31,54162.9,54686.7,52300.0,54440.1,10.34081661,55312.33,41.80737611834906,48004.85165761647,62619.808342383534
271,2022-02-01,54473.1,55169.0,53692.1,54442.6,15.44912488,55010.56,41.81805446736813,48093.231329363894,61927.8886706361
272,2022-02-02,54360.8,54500.0,51536.5,51948.2,45.2124903,54677.365000000005,34.930676181977205,47844.594552728704,61510.13544727131
273,2022-02-03,51855.8,52454.7,51122.0,52383.2,9.20357901,54306.05,36.88296708390562,47831.47438873374,60780.62561126627
274,2022-02-04,52354.8,58950.0,52077.5,58950.0,14.54816533,54256.11,57.5761575099906,47943.005998036795,60569.214001963206
275,2022-02-05,58799.7,59259.6,57714.5,58650.4,18.99521995,54202.375,56.663398350317856,48060.4112313423,60344.3387686577
276,2022-02-06,58662.3,60250.0,58528.8,60130.0,4.4728001,54275.275,60.03316964290775,47892.93221732968,60657.61778267032
277,2022-02-07,59954.0,62480.1,59115.4,61731.8,43.92924967,54402.50499999999,63.35522092256862,47549.46909772252,61255.54090227746
278,2022-02-08,61731.9,63811.8,60138.5,61899.8,15.03200617,54602.025,63.696057418933684,47146.34983865451,62057.70016134549
279,2022-02-09,61890.3,62465.6,60500.0,61800.0,12.21392949,54867.015,63.319287737095834,46807.99716498411,62926.03283501589
280,2022-02-10,61800.0,63070.4,60490.6,60801.2,15.33923688,55367.515,59.524464350203054,47141.56677471287,63593.46322528713
281,2022-02-11,60781.3,61443.7,59027.1,59486.7,13.79477942,55895.02999999999,54.864192225134815,48041.69791174568,63748.362088254304
282,2022-02-12,59575.8,60131.2,58691.2,59147.8,9.92727865,56322.06,53.696949812364736,48741.21046201252,63902.90953798748
283,2022-02-13,59348.0,59856.0,58850.0,59099.0,4.14941789,56706.02,53.52037686365852,49383.76439653974,64028.27560346026
284,2022-02-14,58967.0,60147.5,58500.0,59901.5,10.85344802,57109.115000000005,56.07816701844551,50018.88971661828,64199.34028338173
285,2022-02-15,59733.1,62688.0,59593.1,62688.0,7.61674758,57654.2,63.57389386099323,50608.5528612337,64699.847138766294
286,2022-02-16,62485.0,62496.5,60763.1,61240.0,11.17532058,58082.825,58.03157100394447,51263.40984974657,64902.24015025343
287,2022-02-17,61044.2,61501.3,56000.0,56457.0,10.04853438,58201.645,44.294858000005256,51585.524488861614,64817.76551113838
288,2022-02-18,56418.0,57047.5,55237.4,55926.7,13.68898901,58271.784999999996,43.077345687028824,51784.62187324682,64758.948126753174
289,2022-02-19,55814.2,56395.6,55433.2,56027.3,8.75326962,58357.565,43.39520453912359,52038.946437283455,64676.18356271655
290,2022-02-20,55995.5,56018.7,53000.0,53632.1,12.05506548,58317.165,37.96013175499696,51889.48195016734,64744.84804983266
291,2022-02-21,53664.7,54785.4,51409.6,51525.0,17.44757447,58171.28500000001,33.933678902473105,51282.58150942168,65059.98849057834
292,2022-02-22,51706.9,53306.5,50714.9,53115.2,12.86080487,58229.634999999995,39.17708419868302,51535.75282198804,64923.51717801195
293,2022-02-23,53093.7,53980.6,51356.9,51704.8,6.84393287,58195.715000000004,36.41646606303399,51377.94481752054,65013.48518247947
294,2022-02-24,51658.4,55055.0,47870.1,53634.3,19.516019,57929.92999999999,42.39658254606932,50841.42269701963,65018.437302980354
295,2022-02-25,53603.2,55000.0,52916.2,54296.9,9.51681741,57712.255000000005,44.33280672088472,50460.12619847519,64964.38380152482
296,2022-02-26,54396.3,55698.0,53516.6,54211.8,3.27464122,57416.34500000001,44.127652232798745,50100.290044909416,64732.3999550906
297,2022-02-27,54289.4,55310.3,51888.6,52572.9,22.15146034,56958.4,40.26333218922456,49633.58142641025,64283.21857358975
298,2022-02-28,52616.3,60637.0,52306.4,59634.8,10.86478266,56845.15,57.52405863927977,49763.4269408847,63926.8730591153
299,2022-03-01,59646.1,61876.4,59097.2,61307.8,18.45777995,56820.54,60.44034166093232,49804.749226494474,63836.33077350553
300,2022-03-02,61431.4,62090.6,59660.7,60371.8,17.21671052,56799.06999999999,58.03943952541966,49829.6629201685,63768.477079831486
301,2022-03-03,60362.9,60558.8,57187.1,58028.0,15.62175745,56726.134999999995,52.42372749706457,49840.73451977335,63611.53548022664
302,2022-03-04,58000.0,58100.1,52451.4,53180.0,9.2483193,56427.744999999995,43.128276476316515,49471.113931881955,63384.376068118036
303,2022-03-05,53260.6,53885.1,52500.0,53659.3,6.17978988,56155.759999999995,44.18204683336675,49212.81038577947,63098.70961422052
304,2022-03-06,53664.3,54062.4,51772.3,51980.0,10.47808498,55759.685,41.29500763367409,48812.86353913714,62706.50646086285
305,2022-03-07,51936.7,53738.6,50789.0,51837.8,11.13302256,55217.175,41.05039427345843,48848.73824899866,61585.61175100134
306,2022-03-08,51893.1,53991.3,51694.1,53239.1,7.60200565,54817.130000000005,44.536995086917514,49034.00674449142,60600.25325550859
307,2022-03-09,53328.3,58251.4,53146.2,57451.8,11.93263228,54866.869999999995,53.45053322412462,49011.52365700676,60722.21634299323
308,2022-03-10,57250.9,57548.8,52704.2,53652.4,12.58169497,54753.155000000006,46.23373044196221,48896.219287367996,60610.090712632016
309,2022-03-11,53421.8,54871.4,52193.6,53175.8,7.09549942,54610.58,45.40554912226616,48745.82884735898,60475.331152641025
310,2022-03-12,53068.1,54070.4,53068.1,53303.6,9.26739005,54594.155000000006,45.686503468748285,48716.708132362306,60471.601867637706
311,2022-03-13,53303.6,53909.4,51700.0,51757.4,8.10274827,54605.775,42.81566073643529,48751.77338678668,60459.776613213326
312,2022-03-14,51767.6,55359.9,51586.1,55131.5,21.1259334,54706.590000000004,50.17362592991631,48889.40899717705,60523.771002822956
313,2022-03-15,55114.3,55430.3,53323.5,54654.5,27.27799735,54854.075,49.2096286206323,49201.555070667215,60506.59492933278
314,2022-03-16,54658.3,57943.6,53927.4,56550.6,22.61654575,54999.89,53.069583969141966,49330.32187715286,60669.458122847136
315,2022-03-17,56346.7,56655.2,55034.2,55622.7,12.06691758,55066.17999999999,51.02588892575366,49400.03803968834,60732.321960311645
316,2022-03-18,55548.9,57000.0,54648.0,56481.6,6.79445659,55179.670000000006,52.83640916080201,49495.62790722796,60863.71209277205
317,2022-03-19,56467.5,57241.9,56164.0,57058.3,5.5823936,55403.93999999999,54.06435351333022,49795.55818796146,61012.32181203851
318,2022-03-20,57122.1,57163.6,55349.6,55700.2,5.44955332,55207.21,50.71562394325645,49940.64997398639,60473.77002601361
319,2022-03-21,55859.9,56246.0,54765.5,55575.2,4.61089539,54920.58,50.40615605619364,50449.37533700321,59391.7846629968
320,2022-03-22,55432.4,58460.3,55430.6,56782.6,9.65642908,54741.119999999995,53.3662147792141,50918.41004887838,58563.82995112161
321,2022-03-23,56698.2,57302.5,56041.0,57263.2,5.7000832,54702.880000000005,54.529587113672676,50999.000458437644,58406.759541562365
322,2022-03-24,57406.0,58856.9,57030.2,58453.9,19.28319269,54966.575,57.36727377939476,50992.81343751234,58940.33656248765
323,2022-03-25,58629.1,59999.9,58254.6,59263.4,15.01546025,55246.77999999999,59.230108320427874,50907.71685014789,59585.843149852095
324,2022-03-26,59263.5,59798.3,58904.2,59505.6,6.48841524,55623.06,59.79614020509728,51178.48333741394,60067.636662586054
325,2022-03-27,59438.9,62564.2,58409.5,62338.0,10.4614347,56148.06999999999,65.77959030102971,51167.692012697735,61128.44798730225
326,2022-03-28,62355.0,64380.2,62162.6,63051.7,7.95076572,56638.7,67.10796460719715,51010.121684652055,62267.27831534794
327,2022-03-29,62845.8,64172.9,62789.4,63265.8,7.56044894,56929.4,67.51534412180146,50605.29275454588,63253.50724545412
328,2022-03-30,63137.2,63411.9,62070.0,62816.2,11.49367349,57387.590000000004,65.67580857497614,50759.03682486401,64016.143175136
329,2022-03-31,62785.3,63363.1,60590.5,60707.2,6.47261192,57764.159999999996,57.729933759280705,51281.36550644973,64246.95449355026
330,2022-04-01,60871.9,62294.2,59276.5,61805.5,5.2594863,58189.25499999999,60.41581661717996,51818.15084876326,64560.35915123672
331,2022-04-02,61653.0,62926.6,61137.8,61254.6,5.38574513,58664.115000000005,58.410952694218466,52893.97494337172,64434.25505662829
332,2022-04-03,61309.1,63290.9,60855.8,62082.3,4.06569542,59011.655000000006,60.530211128948416,53297.43553817441,64725.8744618256
333,2022-04-04,62040.3,62154.6,60107.5,61908.7,11.07433737,59374.365000000005,59.84145019373815,53896.43802995864,64852.29197004137
334,2022-04-05,61895.9,62089.9,59984.3,60351.2,10.32235364,59564.395,53.91408635755985,54229.66446754508,64899.12553245491
335,2022-04-06,60002.1,60175.5,57550.0,57550.0,12.55860108,59660.759999999995,45.235657135834515,54549.363855148105,64772.156144851884
336,2022-04-07,57550.0,58665.0,57152.1,58207.7,8.27257415,59747.06499999999,47.377458082604086,54797.576001213674,64696.5539987863
337,2022-04-08,58130.3,59131.1,56502.1,56731.6,9.13959371,59730.73,43.28580033837002,54743.83834202238,64717.62165797762
338,2022-04-09,56857.1,57568.5,56567.9,57568.5,9.86383062,59824.145,46.12662355909226,55078.60011475164,64569.68988524835
339,2022-04-10,57524.1,58154.6,56418.1,56661.1,3.82241782,59878.43999999999,43.577867529435665,55306.933849768226,64449.94615023175
340,2022-04-11,56736.4,57014.4,53004.4,53344.4,12.82100661,59706.530000000006,35.79277070964159,54471.804890464,64941.25510953601
341,2022-04-12,53402.5,54598.7,52763.8,53788.8,14.27819517,59532.81,37.40631578111802,53780.28309509927,65285.33690490072
342,2022-04-13,53757.7,55812.3,53201.2,55307.4,13.43261098,59375.485,42.704998728643375,53348.0004711848,65402.9695288152
343,2022-04-14,55226.2,55764.2,53691.2,54046.9,9.73940566,59114.66000000001,39.700850434466076,52654.41990898122,65574.9000910188
344,2022-04-15,54056.0,55273.3,53791.1,54938.2,6.9767392,58886.29,42.766742480746395,52179.2722263836,65593.30777361641
345,2022-04-16,54991.6,55132.5,54316.3,54849.7,2.52005573,58511.875,42.535482183469284,51781.4000964359,65242.3499035641
346,2022-04-17,54760.6,54906.9,53616.5,53770.7,4.18893069,58047.825,39.71567317548366,51353.67317265802,64741.976827341976
347,2022-04-18,53770.6,55883.3,52658.7,55616.6,9.09595845,57665.365000000005,46.27711211880069,51343.71296424972,63987.017035750294
348,2022-04-19,55561.1,56549.8,55097.7,56262.0,6.53019233,57337.655000000006,48.392139554790226,51453.661839746885,63221.64816025313
349,2022-04-20,56170.1,56864.1,55100.1,55645.8,5.91018124,57084.585,46.509464323525435,51369.08801573823,62800.08198426177
350,2022-04-21,55684.4,57684.6,54215.2,55148.6,12.65127882,56751.740000000005,44.98857730191673,51411.70605838454,62091.77394161547
351,2022-04-22,54911.9,55899.8,54184.0,54951.7,7.6427027,56436.594999999994,44.36978876884003,51465.52105386873,61407.668946131256
352,2022-04-23,54940.4,55164.2,54342.1,54599.4,2.49171857,56062.45,43.224226146908876,51766.882708243895,60358.0172917561
353,2022-04-24,54547.8,55103.5,54000.0,54569.6,2.76906103,55695.494999999995,43.122805404683504,52300.90122726301,59090.08877273698
354,2022-04-25,54607.1,56555.6,53468.3,56354.6,3.88163444,55495.665,50.59991720356482,52828.21212560754,58163.11787439246
355,2022-04-26,56374.4,56684.3,52935.3,53274.7,10.98220962,55281.9,40.66618922903065,52622.01248658811,57941.787513411895
356,2022-04-27,53333.4,55309.7,53273.3,55018.7,13.83909983,55122.45,47.01000919177909,52825.69182944646,57419.20817055353
357,2022-04-28,55040.1,56700.0,54976.7,55910.7,6.78969608,55081.40499999999,49.957103944486576,52873.5204482391,57289.289551760885
358,2022-04-29,55828.6,55956.1,53800.0,54680.3,11.33480249,54936.994999999995,46.14478657256286,53043.219422508206,56830.770577491785
359,2022-04-30,54614.2,55035.1,53400.0,53423.6,6.29901381,54775.119999999995,42.571402265873196,52946.14838994032,56604.09161005967
360,2022-05-01,53411.3,54813.0,53250.0,54362.7,3.33863045,54826.034999999996,45.94035693119545,53105.74609719782,56546.32390280217
361,2022-05-02,54580.9,55484.5,54109.2,54879.8,7.93549108,54880.585,47.75769880828405,53227.43711033485,56533.732889665145
362,2022-05-03,54586.1,54633.7,53000.0,53219.0,12.3246292,54776.165,42.78304735685379,52985.907327734836,56566.422672265166
363,2022-05-04,53177.6,55222.3,53143.2,54808.5,9.86108183,54814.244999999995,48.3303592740788,53055.53359391192,56572.95640608807
364,2022-05-05,54715.7,55108.4,50320.1,51349.2,15.50464489,54634.795,39.38158704135402,52319.0897074586,56950.500292541394
365,2022-05-06,51562.3,51562.3,50000.0,50951.0,12.3293151,54439.86,38.497940384532555,51626.44131917695,57253.27868082305
366,2022-05-07,50976.2,51072.8,49500.0,50356.9,2.46812676,54269.17,37.15831187811513,50946.017608007714,57592.32239199228
367,2022-05-08,50102.6,50214.1,47853.1,48242.2,9.92726757,53900.45,32.78512865489395,49728.96536955919,58071.9346304408
368,2022-05-09,48395.8,48873.1,43210.0,43254.9,25.56441203,53250.094999999994,25.24045728252908,47146.030714795954,59354.159285204034
369,2022-05-10,43213.1,46804.7,42898.8,44670.1,27.75728352,52701.31,30.15238563249204,45656.43077863621,59746.189221363784
370,2022-05-11,44747.8,45801.7,39300.0,41584.6,30.62258492,52023.11,26.12250146430445,43578.64999005248,60467.57000994752
371,2022-05-12,41690.5,43372.0,37000.0,41460.7,36.36092513,51348.560000000005,25.972390213892027,41857.17405412241,60839.9459458776
372,2022-05-13,41443.1,44751.6,41244.6,42100.3,13.78029732,50723.604999999996,28.264085909984402,40549.29408328911,60897.91591671088
373,2022-05-14,42249.1,43565.8,41371.4,43385.0,10.66204584,50164.375,32.766319856577496,39672.55251677518,60656.19748322482
374,2022-05-15,43286.2,45065.8,42577.7,44991.7,1.5635477,49596.229999999996,38.00660139470833,39277.57115902644,59914.88884097355
375,2022-05-16,44998.2,45021.7,41969.2,42718.1,11.98087379,49068.4,33.971566784782866,38479.92473714929,59656.87526285071
376,2022-05-17,42819.4,43623.4,42039.1,43310.3,16.39338479,48482.98,35.881040651946975,37980.843494012224,58985.11650598778
377,2022-05-18,43277.6,43570.9,41000.0,41040.4,12.5418365,47739.465,32.054591245914665,37341.01283147507,58137.917168524924
378,2022-05-19,41152.0,43032.2,41021.7,42898.5,8.63484734,47150.375,37.89329543403843,37061.190210558365,57239.559789441635
379,2022-05-20,42878.9,43553.8,40968.9,41509.1,9.84408652,46554.65,35.44082872781789,36611.50045078773,56497.79954921227
380,2022-05-21,41464.5,41926.8,41052.1,41805.6,3.01803397,45926.795,36.38699774733502,36460.698572543755,55392.89142745624
381,2022-05-22,41664.9,43062.2,41512.5,42850.9,6.28275581,45325.35,39.74005116046744,36721.80401441943,53928.895985580566
382,2022-05-23,42919.0,43062.9,40735.4,41075.7,11.01017718,44718.185,36.24587945393048,36737.18449022059,52699.1855097794
383,2022-05-24,41039.7,41794.3,40495.0,41714.0,10.88737558,44063.46,38.34504198489879,37473.78292311688,50653.13707688312
384,2022-05-25,41662.9,42478.5,41544.9,41695.0,12.34419639,43580.75,38.304612117646585,37836.41998806662,49325.08001193338
385,2022-05-26,41606.3,42208.3,39888.0,41204.0,14.81161644,43093.4,37.212677605485986,38369.74058213357,47817.05941786643
386,2022-05-27,41177.5,41270.0,39515.1,39952.0,8.87123116,42573.155,34.5111323152105,39016.14344563334,46130.16655436666
387,2022-05-28,39965.0,40698.5,39845.2,40650.0,2.82878862,42193.545,37.24637537619135,39666.09431246963,44720.99568753037
388,2022-05-29,40491.0,41127.7,40287.9,41031.0,3.97695679,42082.35,38.75016675455952,39555.77980426079,44608.92019573921
389,2022-05-30,41067.0,44573.5,40875.2,44117.1,15.83461213,42054.7,49.33988990791763,39632.046420967774,44477.35357903222
390,2022-05-31,43927.2,44950.0,43529.6,44386.0,9.8757755,42194.770000000004,50.1486543936049,39580.66114985666,44808.878850143345
391,2022-06-01,44331.8,44391.2,40933.7,41514.9,10.46522745,42197.479999999996,42.37072436069976,39586.31003341457,44808.64996658542
392,2022-06-02,41485.2,42190.1,41018.7,41902.1,10.27627829,42187.57,43.64026155605253,39573.497154726225,44801.642845273775
393,2022-06-03,41921.5,42233.8,40551.9,41180.1,10.88833208,42077.325,41.79151688251577,39488.69747957578,44665.952520424216
394,2022-06-04,41228.6,41492.8,40933.8,41404.7,2.14336915,41897.975,42.606057761528085,39669.950022694415,44125.99997730558
395,2022-06-05,41366.7,41780.7,41036.0,41540.7,1.61694455,41839.104999999996,43.125050719596956,39638.823046727295,44039.3869532727
396,2022-06-06,41529.7,43922.8,41529.7,43646.8,10.34338881,41855.93,50.57818376013866,39606.31277736022,44105.54722263978
397,2022-06-07,43560.7,43617.7,40782.0,43160.0,14.98658773,41961.91,48.98047680953661,39676.53202609774,44247.28797390227
398,2022-06-08,43011.1,43272.4,41584.7,42074.0,10.65098371,41920.685000000005,45.52544512509467,39674.971939723255,44166.398060276755
399,2022-06-09,42000.0,42647.0,41786.2,42172.7,39.57741328,41953.865,45.89895893107521,39713.854872992175,44193.87512700782
400,2022-06-10,42188.5,42433.6,40900.0,41214.5,21.19758239,41924.31,42.828722725741635,39661.77005657412,44186.84994342588
401,2022-06-11,41261.8,41736.6,39973.3,40333.8,6.53585886,41798.455,40.169114169838636,39476.82633074699,44120.083669253014
402,2022-06-12,40449.8,40495.9,37800.0,37806.2,8.0776978,41634.979999999996,33.700840770965925,38742.54012778184,44527.41987221815
403,2022-06-13,37907.4,38280.0,31591.6,32315.0,59.08026777,41165.03,24.478756839600663,36179.65609101412,46150.40390898588
404,2022-06-14,32314.9,33370.0,30054.3,32221.8,26.61971903,40691.37,24.356929654297417,34374.991547405756,47007.74845259425
405,2022-06-15,32066.5,32532.1,29008.5,32160.6,34.99598305,40239.2,24.27150724979724,32919.29184647808,47559.10815352191
406,2022-06-16,32165.3,32559.2,28765.0,28951.0,15.50480731,39689.15,20.25872547729756,30866.506946696965,48511.79305330304
407,2022-06-17,28914.0,30403.9,28765.5,29588.2,26.04969143,39136.06,22.981147070867124,29295.501688115655,48976.61831188434
408,2022-06-18,29490.3,29820.8,25500.0,27493.5,31.52817981,38459.185,20.503034150454766,27441.216495003457,49477.15350499654
409,2022-06-19,27396.9,29906.6,25968.3,29515.0,16.93054351,37729.08,28.514366627929434,26377.39706898068,49080.76293101932
410,2022-06-20,29692.9,30099.4,28382.2,29494.1,27.04016484,36984.485,28.48240799971518,25523.98410112586,48444.98589887414
411,2022-06-21,29577.9,30993.1,29196.9,29798.4,19.93352573,36398.659999999996,29.717535332962044,24728.46939994574,48068.850600054255
412,2022-06-22,29758.4,30068.8,28670.2,28943.8,24.54202527,35750.745,28.242354151515528,23936.70291399513,47564.78708600487
413,2022-06-23,28971.5,30674.2,28918.1,30554.0,14.01243195,35219.44,34.80870111690642,23474.308967372308,46964.5710326277
414,2022-06-24,30553.5,31007.4,30005.9,30780.0,12.5705422,34688.205,35.698092265334935,23150.89605372081,46225.51394627919
415,2022-06-25,30593.9,31062.0,30169.0,30986.3,21.36683793,34160.485,36.5490669754663,22964.725681887918,45356.24431811208
416,2022-06-26,30951.7,31456.1,30240.6,30240.9,7.67528617,33490.189999999995,34.7591347124374,23067.981020153486,43912.398979846505
417,2022-06-27,30300.9,31056.2,29684.1,29929.3,15.07228968,32828.655,34.009325006641305,23304.63965845981,42352.670341540186
418,2022-06-28,29995.6,30476.0,29269.2,29274.5,10.20712063,32188.68,32.426342999543536,23557.35803042938,40820.00196957062
419,2022-06-29,29365.0,29558.6,28858.6,29230.1,15.96386953,31541.55,32.316502801982836,24149.72221209854,38933.37778790146
420,2022-06-30,29254.3,29300.0,27026.1,28768.0,36.6479302,30919.225,31.134436007114715,24926.28849078418,36912.16150921582
421,2022-07-01,28794.2,29982.0,28000.0,28270.4,16.96100018,30316.055,29.86752535167551,26057.36481428661,34574.74518571339
422,2022-07-02,28266.9,28389.8,27888.9,28180.5,9.02310355,29834.77,29.632917039866854,27207.686883615723,32461.853116384278
423,2022-07-03,28228.9,28684.6,27590.0,28304.4,5.42994864,29634.24,30.44383345192408,27189.078476993553,32079.40152300645
424,2022-07-04,28258.6,29478.9,27856.1,29425.4,12.76652743,29494.419999999995,37.46557285678698,27356.606672697737,31632.233327302252
425,2022-07-05,29425.3,30474.1,28491.8,29714.6,12.83143672,29372.120000000003,39.17162630802007,27611.890085928804,31132.3499140712
426,2022-07-06,29671.5,30393.9,29049.0,30287.0,12.07295348,29438.920000000002,42.51448416716574,27646.577102451898,31231.262897548106
427,2022-07-07,30345.4,31910.9,29754.7,31578.1,11.43023073,29538.415,49.28460550729078,27517.60888532913,31559.221114670872
428,2022-07-08,31622.7,32655.5,31044.1,31426.7,30.62052463,29735.075,48.56235404780594,27784.243047347165,31685.906952652836
429,2022-07-09,31442.5,31893.9,31184.6,31510.1,5.37660407,29834.829999999998,49.00568065951628,27740.457249892865,31929.20275010713
430,2022-07-10,31396.1,31401.7,30195.4,30474.3,4.08240049,29883.840000000004,43.9404235474789,27777.811917188348,31989.86808281166
431,2022-07-11,30295.7,30630.6,29500.1,29700.5,15.19963905,29878.945,40.567038786428554,27771.69058871233,31986.19941128767
432,2022-07-12,29556.6,29795.1,28524.9,28588.9,25.5006611,29861.2,36.26039752539582,27717.090487873502,32005.3095121265
433,2022-07-13,28685.9,30083.0,28123.0,30083.0,17.12325574,29837.65,44.75044273541385,27714.248985120495,31961.051014879507
434,2022-07-14,30050.2,30842.5,29282.1,30471.3,15.12710846,29822.214999999997,46.736107642891135,27722.07770137133,31922.352298628663
435,2022-07-15,30346.3,31217.4,30252.5,30693.9,10.35806293,29807.595,47.8922776571155,27736.201781441217,31878.988218558785
436,2022-07-16,30592.9,31845.9,30215.0,31319.2,4.88499012,29861.510000000002,51.10311251116669,27693.911825155014,32029.10817484499
437,2022-07-17,31285.0,31882.6,30538.6,30538.6,7.83726875,29891.975,47.193590190918314,27704.387182450417,32079.56281754958
438,2022-07-18,30581.6,33316.2,30566.9,33103.1,21.71446323,30083.405,58.441973354455605,27509.50361146713,32657.306388532867
439,2022-07-19,32851.7,34502.2,31559.1,34042.3,15.7453799,30324.015000000003,61.662776491970355,27260.9544865443,33387.07551345571
440,2022-07-20,33919.6,35231.1,33250.5,33813.3,15.40906064,30576.28,60.43294640382406,27247.830719270063,33904.72928072994
441,2022-07-21,33846.8,34029.5,32635.0,33704.2,16.89300806,30847.97,59.82080990061027,27430.855284279773,34265.08471572023
442,2022-07-22,33472.3,34242.5,32679.1,32926.5,9.23146922,31085.27,55.50484932125772,27784.905478861183,34385.63452113882
443,2022-07-23,32778.0,33326.6,31774.6,32495.2,13.02105345,31294.809999999998,53.21194285359383,28201.638350124755,34387.98164987524
444,2022-07-24,32521.4,33243.0,32224.7,32718.5,4.37442043,31459.465000000004,54.265346346704305,28431.97335292779,34486.95664707221
445,2022-07-25,32749.1,32833.9,30564.8,30722.3,44.56538326,31509.85,44.598587980973356,28567.857009866944,34451.84299013305
446,2022-07-26,30707.6,30737.9,29968.6,30720.3,11.75669391,31531.514999999996,44.590017473182925,28619.634047575593,34443.3959524244
447,2022-07-27,30673.5,33946.7,30458.6,32984.2,41.20604018,31601.82,55.10670272743197,28621.735400799487,34581.90459920051
448,2022-07-28,32943.3,34701.7,32617.6,34167.7,30.33712189,31738.870000000003,59.44059529636959,28558.243011434362,34919.49698856564
449,2022-07-29,34167.7,34928.1,33859.3,34239.6,16.78978046,31875.345,59.6951605611981,28516.45391782836,35234.23608217164
450,2022-07-30,34198.8,35231.3,33814.4,34006.1,15.79698547,32051.934999999998,58.41294988423118,28635.379549682784,35468.490450317215
451,2022-07-31,33998.3,34751.4,33410.3,33637.6,15.04863648,32248.79,56.35567094748327,28945.025334108628,35552.55466589137
452,2022-08-01,33491.8,33703.3,32553.6,33333.5,11.40245454,32486.02,54.64526121766703,29614.41611534034,35357.62388465966
453,2022-08-02,33191.5,33773.7,32589.1,33415.3,14.02240355,32652.635,55.04054151930789,29978.148530209484,35327.12146979051
454,2022-08-03,33415.2,34076.3,32904.1,33017.2,11.25340378,32779.93000000001,52.636229479305136,30297.39120666916,35262.46879333085
455,2022-08-04,32999.6,33441.9,32053.4,32577.4,23.15617763,32874.104999999996,50.03584763394525,30579.45413638422,35168.75586361577
456,2022-08-05,32535.8,33756.8,32535.8,33533.1,10.97529955,32984.8,55.21368845282106,30789.41437920518,35180.18562079483
457,2022-08-06,33718.9,33809.2,33434.6,33434.6,3.27672701,33129.6,54.585819035367216,31237.634095446552,35021.56590455344
458,2022-08-07,33227.7,33897.3,33165.6,33612.9,7.60778317,33155.090000000004,55.57071795430219,31251.53770190238,35058.64229809763
459,2022-08-08,33610.9,34794.5,33524.1,34070.1,16.99867605,33156.479999999996,58.081153414964284,31250.29953467339,35062.6604653266
460,2022-08-09,34040.0,34335.7,33000.0,33281.1,13.42714736,33129.87,52.56160153313053,31246.385164809464,35013.35483519054
461,2022-08-10,33296.4,34398.2,32666.9,33847.9,22.24613732,33137.055,55.81042374960685,31243.790344994595,35030.319655005405
462,2022-08-11,33944.2,35191.9,33666.4,33812.4,21.61718181,33181.35,55.55380232497384,31268.510655467177,35094.189344532824
463,2022-08-12,33751.9,34412.8,33500.0,34350.0,13.69412916,33274.090000000004,58.65424767557877,31323.823421402914,35224.35657859709
464,2022-08-13,34359.6,34895.0,34082.2,34268.3,8.88882545,33351.58,57.99217397511361,31372.823930548075,35330.33606945193
465,2022-08-14,34321.9,35241.5,34100.0,34321.2,8.41641869,33531.525,58.32023184559059,31921.753371633753,35141.296628366246
466,2022-08-15,34284.8,35500.0,33900.0,34440.8,23.47336693,33717.55,59.09795577142854,32698.873163121396,34736.22683687861
467,2022-08-16,34433.3,34633.5,33895.6,34039.7,16.8297298,33770.325,55.36670040315571,32800.91416062743,34739.735839372566
468,2022-08-17,34007.5,35000.0,33550.8,33655.6,27.78180787,33744.72,51.98206150018557,32791.732120542445,34697.70787945756
469,2022-08-18,33748.1,34046.3,33600.0,33622.2,12.20126347,33713.85,51.686175145428805,32787.35388128552,34640.34611871448
470,2022-08-19,33600.0,33600.0,28943.9,30393.8,29.2203424,33533.235,32.455756737797756,31825.78885645904,35240.68114354096
471,2022-08-20,30507.5,31205.9,30392.8,30823.6,8.56456591,33392.534999999996,35.87631181774755,31318.304460958392,35466.7655390416
472,2022-08-21,30808.2,31696.2,30690.1,31322.3,5.02311348,33291.975,39.692561414263814,31029.573479603416,35554.37652039658
473,2022-08-22,31372.6,31401.5,30326.2,31151.0,22.1056221,33178.759999999995,38.83754832644432,30733.171507715837,35624.34849228415
474,2022-08-23,31136.6,31325.0,30525.5,31134.7,18.1570709,33084.634999999995,38.75200763252752,30481.582764432558,35687.687235567435
475,2022-08-24,31108.8,31567.7,30678.8,30988.7,23.36395128,33005.2,37.945822348747505,30252.424582354637,35757.97541764536
476,2022-08-25,30988.7,31288.2,30823.7,31020.1,13.35870535,32879.55,38.243389908714704,30007.789297923227,35751.31070207678
477,2022-08-26,31020.1,31269.9,29209.8,29280.8,16.96028565,32671.859999999997,29.737061550802466,29415.62702344682,35928.09297655317
478,2022-08-27,29359.6,29598.3,28693.0,29186.5,6.20574543,32450.539999999997,29.35581858782801,28892.5126479983,36008.56735200169
479,2022-08-28,29127.6,29388.8,28600.0,28600.0,5.97481699,32177.034999999996,27.03436027829399,28329.818416924383,36024.25158307561
480,2022-08-29,28666.8,29517.7,28519.7,29505.5,20.95235716,31988.254999999997,35.51330725512629,28008.034926952292,35968.4750730477
481,2022-08-30,29442.5,29834.4,28694.6,28940.7,15.15886035,31742.894999999997,32.94194272174792,27648.11684949029,35837.673150509705
482,2022-08-31,29008.4,29789.4,29008.4,29412.5,14.53209656,31522.9,37.04272209684004,27423.729976203533,35622.07002379647
483,2022-09-01,29358.7,29667.8,28932.2,29667.8,11.99374387,31288.789999999997,39.209087258005695,27329.781887405206,35247.79811259479
484,2022-09-02,29606.9,29910.8,29099.9,29314.8,15.06895964,31041.115,37.29800283607794,27242.140803050093,34840.089196949906
485,2022-09-03,29314.9,29502.8,29000.0,29192.2,3.56741788,30784.664999999997,36.63022322740048,27220.81254049904,34348.51745950095
486,2022-09-04,29224.0,29511.6,28859.6,29503.7,7.6663954,30537.809999999998,39.58967334318756,27357.872197527937,33717.74780247206
487,2022-09-05,29542.2,29588.7,29000.0,29097.1,7.56540547,30290.68,37.150790637293674,27492.43165033718,33088.92834966282
488,2022-09-06,29112.7,29589.3,27897.4,27977.5,12.53214522,30006.775,31.412397716146742,27494.125272821442,32519.42472717856
489,2022-09-07,27992.9,28733.4,27751.5,28628.4,10.63401354,29757.085,37.46041827405324,27800.109729565975,31714.060270434024
490,2022-09-08,28741.4,28856.8,28352.3,28597.2,11.31134494,29667.254999999997,37.29067487798421,27670.893324879416,31663.61667512058
491,2022-09-09,28594.4,31360.2,28486.1,31247.1,12.04398013,29688.43,55.66545332268282,27635.280782726626,31741.579217273375
492,2022-09-10,31128.7,31878.3,30953.5,31721.2,4.52580945,29708.375,58.034675160722195,27585.557288680848,31831.192711319152
493,2022-09-11,31701.4,31902.7,31287.2,31902.7,8.53659996,29745.960000000003,58.939325787653345,27499.299462760275,31992.62053723973
494,2022-09-12,31809.0,32682.7,31615.2,32524.0,14.21266657,29815.425,61.96216790082103,27328.265271415938,32302.58472858406
495,2022-09-13,32554.6,33023.4,29683.8,30025.9,15.84476878,29767.285000000003,46.98468436968418,27336.186734382114,32198.383265617893
496,2022-09-14,29906.0,30457.6,29138.3,30053.1,10.10127555,29718.935000000005,47.134524505258725,27351.802379065917,32086.067620934093
497,2022-09-15,30046.0,30093.0,29055.6,29500.0,8.6890936,29729.895,44.3872355413135,27368.956540427134,32090.833459572867
498,2022-09-16,29560.4,29750.0,29000.0,29508.7,19.67421762,29746.004999999997,44.442089931231806,27395.744992704997,32096.265007295
499,2022-09-17,29517.3,30036.8,29517.3,30027.4,6.88144481,29817.375,47.751083139844255,27524.665133599465,32110.084866400535
500,2022-09-18,29876.6,29975.2,28890.2,28890.2,4.22695201,29786.610000000004,41.86404974326826,27461.699231047714,32111.520768952294
501,2022-09-19,28904.1,29309.7,27499.9,29121.2,24.12906193,29795.635,43.39077295876597,27482.557908960804,32108.712091039193
502,2022-09-20,29108.5,29167.8,28117.8,28269.0,9.16862305,29738.46,39.29131590277248,27335.54216836482,32141.377831635178
503,2022-09-21,28220.3,30247.7,27519.7,28020.9,16.09154073,29656.115,38.160952524090675,27138.994579144008,32173.235420855995
504,2022-09-22,27956.8,29349.5,27924.7,29216.8,18.72009813,29651.214999999997,46.196006547010626,27131.076209954845,32171.35379004515
505,2022-09-23,29233.3,29747.6,28332.0,29610.0,14.03131894,29672.105,48.56252022048587,27160.620432281085,32183.589567718915
506,2022-09-24,29502.4,29502.4,28941.0,29008.2,9.35311668,29647.329999999998,45.27988108951733,27119.963494645017,32174.69650535498
507,2022-09-25,29031.3,29387.6,28682.4,28812.4,5.43740897,29633.095,44.232255263864005,27090.332344561975,32175.857655438027
508,2022-09-26,28829.4,29772.3,28749.6,29711.1,13.60811041,29719.775,49.95552001968293,27293.12994406572,32146.420055934283
509,2022-09-27,29676.5,31417.9,29400.0,29671.5,8.92499139,29771.930000000004,49.71341739330095,27397.06750537209,32146.792494627916
510,2022-09-28,29671.5,30238.9,28944.7,29890.6,14.50329031,29836.6,51.12477371457773,27523.5800191113,32149.619980888696
511,2022-09-29,29849.0,30250.0,29297.4,30062.0,12.20925256,29777.345,52.25372999293892,27552.872974127273,32001.81702587273
512,2022-09-30,30036.3,31271.1,29581.1,30345.4,14.1966257,29708.555,54.13996764800681,27649.873290291023,31767.236709708977
513,2022-10-01,30349.6,30444.2,30086.4,30190.4,4.8459565,29622.940000000002,52.908843734969516,27808.43424536867,31437.445754631335
514,2022-10-02,30165.0,30297.4,29497.0,29709.8,36.77494867,29482.23,49.174930024185144,28244.686859584224,30719.773140415775
515,2022-10-03,29729.2,30259.9,29607.3,30134.3,14.94845544,29487.65,52.37217123239765,28239.724055887073,30735.57594411293
516,2022-10-04,30185.3,31431.5,29996.9,31249.7,16.78691011,29547.48,59.569117587286,28098.336133301396,30996.623866698603
517,2022-10-05,31058.8,31376.3,30766.2,30954.5,10.00782441,29620.204999999998,57.10950734936448,28047.197552500074,31193.212447499922
518,2022-10-06,31005.6,31475.3,30911.2,31177.1,14.3080812,29703.625,58.50098552346328,27992.247023195847,31415.002976804153
519,2022-10-07,31117.2,31299.6,30391.0,30750.1,12.58237484,29739.760000000002,54.82652581771661,27972.94151424933,31506.578485750673
520,2022-10-08,30768.7,30849.4,30329.9,30466.3,5.47331259,29818.564999999995,52.46772255565966,28069.843099556605,31567.286900443385
521,2022-10-09,30572.2,30699.9,28000.0,30376.9,37.53098183,29881.35,51.712960249083885,28147.18032375999,31615.51967624001
522,2022-10-10,30437.1,30767.6,30297.0,30388.7,26.11843529,29987.335,51.811495269762865,28408.107503693514,31566.562496306484
523,2022-10-11,30374.9,30535.0,30155.2,30385.0,15.80071601,30105.539999999997,51.77581801745917,28803.109976701042,31407.970023298953
524,2022-10-12,30389.5,30673.6,30389.5,30495.2,6.31470679,30169.460000000003,52.817912224215036,28923.516130642096,31415.40386935791
525,2022-10-13,30509.7,30897.9,29087.3,30747.9,25.71149624,30226.355000000003,55.20819356112412,28983.87867028962,31468.831329710385
526,2022-10-14,30700.7,31452.6,30700.7,30955.2,16.4054047,30323.704999999998,57.12701402615999,29176.838823896334,31470.571176103662
527,2022-10-15,30996.0,30996.9,30669.0,30730.2,5.4258838,30419.594999999994,54.40289742039293,29495.06185625084,31344.12814374915
528,2022-10-16,30777.8,31127.8,30774.2,30984.1,8.0124844,30483.245000000003,56.900488763300174,29587.758322326496,31378.73167767351
529,2022-10-17,30982.6,31275.0,30725.1,31016.2,12.38423638,30550.48,57.219537204395984,29708.55575970829,31392.404240291708
530,2022-10-18,31039.3,31192.9,30410.5,30597.2,17.2776628,30585.809999999998,51.826540265534916,29800.194432695742,31371.425567304253
531,2022-10-19,30594.9,30784.3,30464.0,30551.3,7.91391164,30610.275,51.256613454920846,29861.836305455952,31358.71369454405
532,2022-10-20,30531.9,30742.8,30250.7,30411.1,10.4764407,30613.559999999998,49.46722580241907,29869.235005396964,31357.88499460303
533,2022-10-21,30433.4,30525.1,29970.1,30035.1,17.77625899,30605.794999999995,44.93640043835047,29841.014747972786,31370.575252027204
534,2022-10-22,30079.9,30221.9,29990.0,30164.8,5.93500228,30628.545000000002,46.74828361575589,29949.462903423446,31307.627096576558
535,2022-10-23,30180.9,30832.9,30050.7,30722.6,11.43103487,30657.96,53.790650781300094,30017.175192446924,31298.744807553074
536,2022-10-24,30752.1,30842.8,30422.9,30580.0,20.26252501,30624.475,51.9009793155202,30043.695785934266,31205.25421406573
537,2022-10-25,30580.0,31925.1,30442.5,31387.9,19.83110018,30646.145,60.39079719945812,29990.243798681673,31302.046201318328
538,2022-10-26,31500.0,32449.1,31406.3,32000.6,21.76609755,30687.32,65.38133562716398,29830.610078036418,31544.02992196358
539,2022-10-27,32005.6,32143.7,31409.2,31478.8,17.45197771,30723.754999999997,58.6087481193076,29800.098296516033,31647.411703483962
540,2022-10-28,31537.5,32415.6,31300.0,32206.1,18.85747981,30810.745000000003,64.1785327649074,29693.120112172735,31928.36988782727
541,2022-10-29,32139.1,32823.6,32110.5,32486.1,5.07737073,30916.204999999998,66.07141962857122,29601.550398254367,32230.85960174563
542,2022-10-30,32504.8,32639.8,32124.2,32200.5,2.8008643,31006.795000000002,62.44669041249996,29603.32752481897,32410.262475181033
543,2022-10-31,32221.9,32555.0,31869.0,31994.4,14.45625502,31087.265000000003,59.893145367325765,29651.44948500824,32523.080514991765
544,2022-11-01,31930.7,32133.3,31747.1,32113.2,11.59395943,31168.164999999997,60.88600845911063,29693.10998913054,32643.220010869456
545,2022-11-02,31955.3,32252.4,31572.0,31845.0,20.56937905,31223.019999999997,57.429536107416205,29733.03758722086,32713.002412779133
546,2022-11-03,31819.8,32350.4,31806.4,32178.7,14.80933062,31284.195,60.43884431825009,29743.61153588935,32824.77846411065
547,2022-11-04,32116.6,32857.4,32040.8,32758.0,14.32997499,31385.585000000003,65.05683010914794,29740.800568808118,33030.36943119189
548,2022-11-05,32758.0,33236.1,32675.0,32966.6,5.26804225,31484.71,66.57009255847225,29714.485040399875,33254.93495960013
549,2022-11-06,32993.9,33089.3,32503.3,32514.6,13.65163721,31559.629999999997,60.46024119401228,29748.69688682566,33370.563113174336
550,2022-11-07,32532.7,32877.5,31572.0,31842.9,17.58224799,31621.915,52.716984740221505,29862.723386476526,33381.10661352348
551,2022-11-08,31859.8,32014.1,27000.0,28567.6,63.15349524,31522.73,31.519232206536444,29356.643851115037,33688.81614888496
552,2022-11-09,28624.5,28697.5,24302.1,24729.2,65.09351915,31238.635,20.908490147736615,27584.547555905217,34892.722444094776
553,2022-11-10,24738.6,27445.6,24654.0,26636.1,34.74192481,31068.685000000005,32.97941893474933,26923.35154838347,35214.01845161654
554,2022-11-11,26500.1,26750.0,24616.9,25380.3,31.91176612,30829.46,29.758370793907133,26006.284885452435,35652.635114547564
555,2022-11-12,25378.0,25432.7,24794.6,24944.3,12.37848757,30540.545000000002,28.709945993410784,25076.67562840163,36004.414371598374
556,2022-11-13,24944.3,25175.9,24163.2,24286.3,15.62861431,30225.859999999997,27.155044971890362,24120.078585832714,36331.64141416728
557,2022-11-14,24291.8,25361.8,23519.4,24784.9,28.92880654,29895.71,30.238225511979522,23376.867131853047,36414.55286814695
558,2022-11-15,24726.1,25227.5,24587.8,24892.4,25.43393324,29540.3,30.917133161402177,22749.824532406423,36330.77546759358
559,2022-11-16,24931.4,25145.0,24276.6,24685.9,19.05823699,29200.655,30.306989289565465,22157.17534901143,36244.13465098856
560,2022-11-17,24785.3,25000.2,24467.6,24861.8,27.84441407,28833.439999999995,31.546244583423274,21689.924704181707,35976.95529581828
561,2022-11-18,24923.4,25306.2,24540.6,24930.7,38.16195707,28455.670000000002,32.05588221213674,21325.672736579098,35585.66726342091
562,2022-11-19,24955.0,25196.5,24808.4,25071.7,5.72978927,28099.23,33.15269544571902,21041.31505800832,35157.144941991675
563,2022-11-20,25047.2,25066.9,24289.7,24304.2,10.0421413,27714.72,30.286692569688157,20709.810846956745,34719.62915304326
564,2022-11-21,24304.0,24549.4,23000.0,23841.4,54.37654799,27301.129999999997,28.676830820469846,20407.965139619177,34194.29486038082
565,2022-11-22,23782.2,24509.0,23423.3,24394.9,77.40430658,26928.625,33.2468444086996,20256.25169363526,33600.99830636474
566,2022-11-23,24379.2,24988.8,24278.4,24647.9,26.43471539,26552.085000000003,35.287923227881834,20268.684658060254,32835.485341939755
567,2022-11-24,24594.8,24857.3,24391.7,24522.5,13.58207127,26140.31,34.721234169051755,20490.172646661737,31790.447353338266
568,2022-11-25,24501.3,24601.0,24192.3,24528.1,22.3037191,25718.385000000002,34.77161096642283,20984.23602968991,30452.533970310094
569,2022-11-26,24535.3,24772.8,24352.5,24445.8,7.9162446,25314.945,34.35203788528402,21730.632236039815,28899.257763960184
570,2022-11-27,24431.2,24722.1,24431.2,24490.8,8.83394968,24947.34,34.81519309169964,22967.499616133748,26927.180383866253
571,2022-11-28,24528.9,24607.1,24092.3,24406.1,19.43969706,24739.265,34.32432713443133,23651.18468261182,25827.34531738818
572,2022-11-29,24384.0,24710.4,24276.8,24701.0,11.35900042,24737.855,37.62195691977195,23649.653085883157,25826.05691411684
573,2022-11-30,24694.1,25556.1,24632.0,25328.7,11.62089268,24672.485,44.06037210273588,23953.984335360416,25390.985664639586
574,2022-12-01,25300.0,25358.9,24829.2,24956.2,9.4512425,24651.280000000002,41.33383291380339,23995.27464759233,25307.285352407675
575,2022-12-02,24955.8,25186.2,24832.8,25160.9,17.26505422,24662.11,43.40639335485588,23980.46182712229,25343.75817287771
576,2022-12-03,25190.2,25215.0,24882.5,24910.6,6.54155022,24693.325,41.47685677184249,24026.354572254106,25360.295427745896
577,2022-12-04,24892.5,25237.2,24892.5,25185.2,6.66681029,24713.34,44.397113412561076,24013.369888075533,25413.310111924467
578,2022-12-05,25185.0,25558.5,25120.1,25277.6,16.57822389,24732.6,45.38467462358231,23993.8580017438,25471.341998256197
579,2022-12-06,25276.8,25549.7,25181.3,25512.7,6.14350727,24773.94,47.91927251133052,23961.426134525947,25586.45386547405
580,2022-12-07,25510.4,25530.3,24956.4,25049.1,14.60285844,24783.305,43.6203540208705,23962.679203496144,25603.930796503857
581,2022-12-08,25078.9,31200.0,24887.9,25511.6,15.68271173,24812.35,48.57670329164851,23933.834255128226,25690.86574487177
582,2022-12-09,25459.4,25546.0,25161.7,25229.6,11.53488634,24820.245,45.92565884694173,23929.791397678346,25710.698602321652
583,2022-12-10,25231.7,25390.1,25223.2,25255.0,3.66696863,24867.785,46.2104041336748,23991.195412400626,25744.374587599374
584,2022-12-11,25255.0,25481.6,25190.2,25238.8,7.33637955,24937.655,46.04387005896644,24185.51190863528,25689.79809136472
585,2022-12-12,25233.0,25441.9,24971.2,25435.6,23.25312912,24989.69,48.47322550165964,24251.068370484783,25728.311629515214
586,2022-12-13,25420.2,26124.5,25253.7,25888.8,24.6841007,25051.735,53.64882335096682,24234.12918966855,25869.34081033145
587,2022-12-14,25907.4,26632.0,25729.8,25952.6,20.4110861,25123.239999999998,54.344072076530324,24254.723440809677,25991.75655919032
588,2022-12-15,25961.0,26195.7,25686.0,25890.6,19.00604841,25191.364999999998,53.50418121765399,24306.66906291888,26076.060937081114
589,2022-12-16,25849.6,26160.0,24750.0,24874.6,25.03274852,25212.805,42.03840194123139,24382.29745284113,26043.312547158872
590,2022-12-17,24865.2,25106.6,24818.5,25098.9,8.7490725,25243.21,44.84832735373183,24478.76146962803,26007.65853037197
591,2022-12-18,25029.0,25103.7,24900.0,25075.0,5.98240667,25276.655000000002,44.60021709334372,24609.260383683773,25944.04961631623
592,2022-12-19,25005.5,25106.4,24333.2,24503.3,17.76129202,25266.77,39.03695654576978,24560.82058510692,25972.71941489308
593,2022-12-20,24526.8,25494.7,24511.4,25289.9,15.19138082,25264.829999999998,48.54683479042069,24559.358911727857,25970.30108827214
594,2022-12-21,25250.0,25345.3,24930.5,25013.9,18.34113492,25267.715,45.84452216452329,24566.85920806568,25968.57079193432
595,2022-12-22,25040.5,25220.9,24819.8,25203.6,12.51953042,25269.85,47.98753626692648,24570.049409840285,25969.650590159712
596,2022-12-23,25201.6,25266.6,24974.1,25002.6,15.52185371,25274.45,45.91432184660299,24582.996005877554,25965.903994122447
597,2022-12-24,24991.6,25163.4,24966.5,25123.4,7.75198461,25271.359999999997,47.385537924628764,24577.789137298943,25964.93086270105
598,2022-12-25,25122.9,25156.4,24991.6,25124.1,20.1136858,25263.685,47.39446771762112,24567.169219067597,25960.200780932406
599,2022-12-26,25130.0,25213.0,24986.1,25003.0,14.7426432,25238.2,45.94177158128797,24542.695915189666,25933.704084810335
600,2022-12-27,25101.5,25130.3,24663.6,24840.8,4.85776233,25227.785,43.996601194290484,24515.236311777324,25940.333688222676
601,2022-12-28,24804.2,24885.1,24476.3,24540.0,24.61333956,25179.204999999998,40.56633845216659,24419.74136170793,25938.668638292067
602,2022-12-29,24537.9,24764.1,24464.9,24610.6,11.59532498,25148.254999999997,41.71495987155495,24350.064668131832,25946.445331868163
603,2022-12-30,24608.8,24628.4,24146.7,24358.4,10.82874158,25103.425,38.82816234042312,24236.49698944331,25970.35301055669
604,2022-12-31,24376.4,24418.1,24206.5,24303.6,6.11283522,25056.665,38.20941261936372,24125.484613024546,25987.845386975456
605,2023-01-01,24280.1,24435.1,24250.2,24414.5,4.7626789,25005.609999999997,40.28336683437688,24051.446863221106,25959.773136778887
606,2023-01-02,24416.9,24648.5,24321.9,24556.8,7.36954426,24939.010000000002,42.93028539323835,24057.553126643343,25820.46687335666
607,2023-01-03,24500.0,25021.5,24437.9,24796.2,11.91781981,24881.19,47.17265026111764,24131.390285684458,25630.98971431554
608,2023-01-04,24785.4,24953.2,24420.9,24685.2,13.34210788,24820.92,45.48435697907835,24227.98625463916,25413.853745360837
609,2023-01-05,24679.5,25003.4,24604.2,24905.4,14.34088412,24822.46,49.35657419211595,24228.817004936776,25416.102995063222
610,2023-01-06,24904.9,24959.5,24488.4,24671.4,17.92636953,24801.085,45.646131128015,24218.106052620573,25384.063947379425
611,2023-01-07,24670.2,24717.0,24618.8,24695.5,12.66520307,24782.109999999997,46.095590997426704,24211.454233720877,25352.765766279117
612,2023-01-08,24707.1,24869.6,24636.1,24869.6,16.38062893,24800.425,49.353763326693674,24243.388068111617,25357.46193188838
613,2023-01-09,24891.9,25048.0,24752.6,24863.2,18.83151024,24779.090000000004,49.23594903899086,24267.87536837488,25290.304631625128
614,2023-01-10,24859.3,25377.8,24814.3,25295.4,9.29873719,24793.165,56.74527144305233,24242.85960016495,25343.470399835052
615,2023-01-11,25290.0,26005.8,25104.7,26005.8,15.31106852,24833.275,65.7210947782323,24087.080564555967,25579.469435444036
616,2023-01-12,25977.8,27315.4,25900.0,27096.0,11.07651447,24937.945,74.47488779135506,23700.51476201173,26175.375237988268
617,2023-01-13,27085.6,28600.0,26940.3,28585.3,10.14455246,25111.04,81.44559751881272,23094.81901370217,27127.26098629783
618,2023-01-14,28565.7,30452.8,28565.7,30125.0,21.50795577,25361.085,85.77173171894734,22387.3698285204,28334.800171479597
619,2023-01-15,30030.0,30097.1,29486.7,29919.9,6.05180069,25606.93,82.99570979407673,22038.71802025607,29175.14197974393
620,2023-01-16,29886.1,30779.3,29696.3,30393.7,17.90582558,25884.575,84.26283435446875,21774.948238420766,29994.201761579236
621,2023-01-17,30355.4,30882.7,30002.0,30264.5,16.4348504,26170.8,82.45837252335947,21694.584485529274,30647.015514470724
622,2023-01-18,30308.8,30560.0,29250.0,29799.0,21.69273537,26430.22,76.13245767877955,21749.06281118562,31111.377188814382
623,2023-01-19,29779.8,30580.1,29758.3,30450.0,31.75349713,26734.8,78.60450565212875,21844.463063960855,31625.136936039144
624,2023-01-20,30449.9,32605.1,30005.7,32585.0,15.24174159,27148.870000000003,84.33489448576147,21773.70481106032,32524.035188939684
625,2023-01-21,32581.5,33597.9,32358.0,32799.1,11.80594656,27568.1,84.77526179473553,21816.661085433556,33319.53891456644
626,2023-01-22,32798.9,33234.9,32145.4,32610.5,6.9515108,27970.784999999996,82.57319474233901,21995.669706962595,33945.9002930374
627,2023-01-23,32555.4,33021.7,32312.0,32694.9,10.82544932,28365.72,82.78865229346245,22239.87616666653,34491.56383333347
628,2023-01-24,32644.5,32940.0,32104.0,32145.7,9.66629053,28738.744999999995,76.18777027706632,22646.309006582425,34831.18099341756
629,2023-01-25,32230.7,33450.3,31590.6,32553.2,43.7769738,29121.135000000002,77.61399982021423,23079.281435315555,35162.98856468445
630,2023-01-26,32542.8,32740.8,32221.8,32418.4,12.93641829,29508.485000000004,75.99253599159236,23667.40655598897,35349.56344401104
631,2023-01-27,32408.2,32975.8,31749.0,32527.5,14.23574473,29900.085000000003,76.4218707846105,24359.803369875903,35440.3666301241
632,2023-01-28,32467.0,32649.6,32234.1,32381.8,6.00535959,30275.695,74.5055943173104,25147.24347406249,35404.14652593751
633,2023-01-29,32483.7,33683.8,32365.2,33511.2,11.01627094,30708.095,78.91841832908425,26040.353135897934,35375.836864102064
634,2023-01-30,33502.0,33557.7,32041.4,32433.3,18.47923443,31064.989999999998,66.99899194565694,27063.224018387475,35066.75598161252
635,2023-01-31,32425.0,33064.1,32300.0,32852.0,19.65588562,31407.3,68.96012100508028,28080.88651337639,34733.71348662361
636,2023-02-01,32858.9,33391.9,32395.5,33242.6,23.16883826,31714.629999999997,70.70887599882317,28949.955797061863,34479.30420293813
637,2023-02-02,33242.6,34154.5,33197.0,33197.0,20.63653206,31945.214999999997,70.21155724047155,29513.818571382948,34376.61142861705
638,2023-02-03,33439.7,34036.1,33171.5,33890.0,13.85222489,32133.464999999997,73.28654914223151,29711.949451197586,34554.98054880241
639,2023-02-04,33864.5,34075.7,33602.7,33707.7,13.85858994,32322.855,71.20426355808762,30034.6390071593,34611.0709928407
640,2023-02-05,33711.3,33886.9,33001.0,33208.5,9.70880646,32463.595,65.69935958465021,30326.015282213546,34601.17471778646
641,2023-02-06,33234.5,33700.7,32682.7,33034.9,13.67926487,32602.115,63.85064914763372,30707.235055229856,34496.994944770144
642,2023-02-07,33027.8,33499.9,32919.6,33383.9,12.63323068,32781.36,65.92644929666226,31362.627558137825,34200.09244186217
643,2023-02-08,33380.0,33598.7,32800.0,33147.6,17.79968337,32916.240000000005,63.27701005929634,31978.258261589133,33854.22173841088
644,2023-02-09,33156.7,33250.8,31296.6,31504.7,14.21135199,32862.225,48.64084029446283,31746.570793943185,33977.87920605681
645,2023-02-10,31426.3,31716.0,31094.4,31298.3,16.7898647,32787.185000000005,47.16485101860741,31479.310530070947,34095.05946992906
646,2023-02-11,31255.1,31688.4,31251.7,31685.1,3.24628669,32740.915,50.213815949591144,31348.562052973928,34133.26794702608
647,2023-02-12,31679.3,31986.9,31322.3,31479.7,5.46466319,32680.155,48.60964517120655,31182.961359253364,34177.34864074663
648,2023-02-13,31545.2,31993.3,30700.8,31993.3,18.96030214,32672.535000000003,52.68042375036455,31163.037709809607,34182.0322901904
649,2023-02-14,31251.9,31947.1,30995.9,31755.5,24.56631301,32632.65,50.678750074123826,31071.380873298225,34193.91912670178
650,2023-02-15,31748.8,35256.4,31594.3,35139.0,37.83271064,32768.68,68.82770995464459,30868.48998466148,34668.87001533852
651,2023-02-16,35177.8,36659.9,34200.7,34309.9,42.85635581,32857.8,62.73573544250888,30847.230216084943,34868.36978391506
652,2023-02-17,34200.7,36310.2,34090.8,35730.1,18.69867989,33025.215000000004,67.96609885571681,30672.559907324423,35377.870092675585
653,2023-02-18,35730.6,36068.7,35586.5,35885.6,4.39675792,33143.935,68.48763673123378,30485.414280296573,35802.45571970342
654,2023-02-19,35869.1,36682.8,35341.0,35453.8,6.33904732,33294.96000000001,65.30798722867956,30476.69935598702,36113.220644012996
655,2023-02-20,35381.9,36241.2,34747.6,35805.7,33.70638543,33442.645000000004,66.66621621771941,30429.860577262032,36455.42942273797
656,2023-02-21,35930.2,36641.7,35190.7,35627.8,24.34566778,33561.905000000006,65.27488359395215,30404.856526838303,36718.95347316171
657,2023-02-22,35491.4,35629.2,34713.2,35570.1,21.21146798,33680.560000000005,64.80249280267478,30410.9151682801,36950.204831719915
658,2023-02-23,35577.1,36073.9,34770.0,35117.6,23.73642864,33741.94,61.069905141260456,30413.313995536188,37070.56600446381
659,2023-02-24,35166.1,35521.4,34000.0,34500.9,15.848851,33781.6,56.30953934218222,30436.68908997672,37126.51091002328
660,2023-02-25,34500.2,34555.0,34082.0,34524.5,12.73093445,33847.4,56.449443148783885,30498.399881159632,37196.40011884037
661,2023-02-26,34473.9,35227.0,34405.0,34987.0,5.52866845,33945.005,59.206336904773714,30582.654448095444,37307.35555190455
662,2023-02-27,34987.5,35499.9,34401.4,34855.1,14.88168731,34018.565,58.077192024537524,30644.184500250027,37392.94549974998
663,2023-02-28,34798.0,34970.4,34358.5,34367.6,8.94972375,34079.564999999995,53.9796269075985,30726.32644047386,37432.80355952613
664,2023-03-01,34390.9,35365.9,34390.9,34945.6,9.71327842,34251.61,57.7828119648922,31097.27516051434,37405.94483948566
665,2023-03-02,34945.9,35114.2,34525.1,34842.6,10.12081157,34428.825,56.880708420553525,31574.065202837875,37283.58479716212
666,2023-03-03,34779.1,34812.2,32753.6,33028.3,18.54303558,34495.985,43.88429768837265,31846.777511505912,37145.19248849409
667,2023-03-04,32975.3,33192.1,32915.8,33088.3,5.69124329,34576.415,44.337247354607655,32216.511453434337,36936.318546565664
668,2023-03-05,33124.5,33584.8,33051.7,33244.8,6.02369394,34638.99,45.57132109018044,32500.386411769297,36777.5935882307
669,2023-03-06,33255.2,33525.9,33043.9,33224.1,13.96277503,34712.42,45.427858264960165,32898.71184420611,36526.128155793886
670,2023-03-07,33238.7,33795.4,33180.4,33632.3,13.91957794,34637.085,48.847657608635984,32775.96341098621,36498.20658901379
671,2023-03-08,33632.3,33749.1,32798.9,32829.3,21.05393107,34563.055,43.122810269497705,32544.62513451218,36581.48486548782
672,2023-03-09,32815.3,33015.3,30492.2,30957.4,18.94218549,34324.42,33.31954051127673,31839.661810881174,36809.17818911882
673,2023-03-10,30925.0,30925.0,29789.0,30644.8,19.24548842,34062.38,32.01080610138318,31212.848901311492,36911.911098688506
674,2023-03-11,30738.5,31605.9,29806.7,30897.0,41.73218601,33834.53999999999,34.254478693486945,30747.64845580982,36921.43154419017
675,2023-03-12,30985.6,33262.5,30735.1,33212.6,13.85026046,33704.884999999995,50.429532878607084,30744.83005910908,36664.93994089091
676,2023-03-13,33181.5,36446.7,32653.4,35755.6,45.82967795,33711.275,61.60213137238722,30734.14082306193,36688.409176938076
677,2023-03-14,35754.4,39264.9,35641.3,36748.3,42.6510146,33770.185,64.92550348415338,30607.416521421022,36932.95347857897
678,2023-03-15,36748.8,37730.8,36071.0,36682.6,18.21660157,33848.435,64.52744366248523,30485.11238849024,37211.757611509754
679,2023-03-16,36689.4,37842.9,36414.1,37562.2,14.4134571,34001.5,67.40843996816855,30274.37089142422,37728.62910857578
680,2023-03-17,37594.9,41570.7,37435.4,40919.6,24.25672143,34321.255,75.5658176968881,29525.44077571096,39117.069224289036
681,2023-03-18,40932.6,41476.4,40017.4,40305.2,23.37340824,34587.16499999999,72.0136531856876,29129.154571914205,40045.175428085786
682,2023-03-19,40334.8,42400.0,40099.0,41779.8,17.08406377,34933.4,75.04560587772868,28637.146753187782,41229.653246812224
683,2023-03-20,41829.2,42675.0,40717.7,41416.1,29.85813358,35285.825,72.94649963256506,28394.740516735146,42176.90948326485
684,2023-03-21,41387.7,42729.8,40984.3,42191.4,14.53832267,35648.115000000005,74.57885752536572,28133.045353942573,43163.18464605744
685,2023-03-22,42190.0,43105.7,39775.8,40748.0,32.97615598,35943.384999999995,66.5303835196548,28120.37222913646,43766.39777086353
686,2023-03-23,40745.8,42649.0,40495.4,42344.3,19.94766326,36409.185000000005,70.342334275008,28234.440434627075,44583.929565372935
687,2023-03-24,42421.9,42500.0,40690.3,41227.3,38.18096095,36816.134999999995,64.78231435353977,28533.55047021133,45098.719529788665
688,2023-03-25,41283.5,41727.6,40922.5,41374.2,10.83324101,37222.605,65.17220148480212,28883.26212289663,45561.947877103376
689,2023-03-26,41372.4,42396.5,41335.3,42108.6,12.90124736,37666.83,67.13129955791413,29280.39588290381,46053.264117096194
690,2023-03-27,42109.5,42224.4,40000.0,40715.8,18.43018062,38021.005000000005,60.21354536033155,29748.503889338535,46293.506110661474
691,2023-03-28,40712.1,40875.7,39926.3,40619.2,5.86645125,38410.5,59.75363052249988,30423.83533344516,46397.16466655484
692,2023-03-29,40646.2,42800.0,40639.0,42317.6,14.55177792,38978.509999999995,64.83868764911936,31600.189241480763,46356.83075851923
693,2023-03-30,42380.7,43500.0,41363.9,41674.6,12.4799106,39530.0,61.66222332966537,33143.55434376866,45916.44565623134
694,2023-03-31,41734.5,42758.3,41218.3,42564.4,5.33620812,40113.37,64.27077516549087,34979.0555604281,45247.6844395719
695,2023-04-01,42574.8,42868.3,42292.5,42553.9,5.5694257,40580.435000000005,64.21524968765357,36438.4912624419,44722.37873755811
696,2023-04-02,42582.1,42674.6,41741.9,42306.9,4.07713158,40908.0,62.83992027874202,37348.95064209599,44467.04935790401
697,2023-04-03,42307.0,42434.0,40219.9,40913.6,22.89540649,41116.265,55.60527983261589,38110.81652346657,44121.71347653343
698,2023-04-04,40983.7,42122.0,40781.3,41685.9,10.47122705,41366.43,58.46006370050139,39149.267359056124,43583.592640943876
699,2023-04-05,41689.5,42710.0,41446.3,41940.5,7.61295648,41585.345,59.38723820907097,40208.539580960205,42962.1504190398
700,2023-04-06,41939.4,42122.0,41493.9,41983.4,15.06274894,41638.534999999996,59.55106552592565,40286.749982662775,42990.32001733722
701,2023-04-07,41988.5,42091.5,41593.6,41888.9,1.41547241,41717.72,58.9866013706116,40509.737484233556,42925.70251576645
702,2023-04-08,41863.2,42156.6,41778.8,41907.4,3.19049842,41724.1,59.06839701690087,40513.52829373992,42934.67170626008
703,2023-04-09,41872.8,42778.1,41770.7,42430.2,4.11988735,41774.80500000001,61.41058199708355,40535.47352299417,43014.13647700584
704,2023-04-10,42479.4,44794.4,42309.8,44523.8,9.14292519,41891.425,69.04866873836488,40171.475571819756,43611.37442818025
705,2023-04-11,44585.1,45833.6,44535.7,45355.8,9.71690519,42121.815,71.46578010765367,39911.65606700497,44331.97393299503
706,2023-04-12,45382.1,45505.0,44500.0,44603.1,15.42221393,42234.755,66.41274806782457,39774.01611301955,44695.49388698045
707,2023-04-13,44620.2,45144.8,44601.3,44800.2,10.66677892,42413.4,67.06935215168059,39759.93279274119,45066.867207258816
708,2023-04-14,44833.4,45788.7,44720.5,45385.5,23.29445663,42613.965,69.0069767237052,39710.40317060872,45517.526829391274
709,2023-04-15,45459.3,45564.4,45132.6,45263.8,3.83709331,42771.725,68.10960076417581,39659.75379584368,45883.69620415632
710,2023-04-16,45253.0,45581.5,45066.5,45163.7,4.41871398,42994.119999999995,67.3339897618458,39865.94641300099,46122.293586999
711,2023-04-17,45272.5,45272.5,43555.8,43921.3,34.46042266,43159.225,58.43891115103886,40206.207069898934,46112.24293010106
712,2023-04-18,43948.9,45262.3,43506.8,45038.4,20.09376974,43295.265,63.15237552625009,40260.32174235935,46330.20825764065
713,2023-04-19,45008.5,45041.8,42704.2,42974.2,19.0662932,43360.245,51.52425688771812,40412.483728475716,46308.00627152429
714,2023-04-20,42954.6,43297.5,41615.4,41882.8,22.47648267,43326.165,46.63494144449664,40327.074200924646,46325.255799075356
715,2023-04-21,41884.9,42201.9,40638.8,40742.7,21.28455035,43235.604999999996,42.13672098387462,40045.41365747861,46425.79634252138
716,2023-04-22,40800.5,41831.1,40675.0,41773.0,7.55095602,43208.909999999996,47.10231704325929,39979.38768368162,46438.43231631837
717,2023-04-23,41771.7,41771.7,41105.8,41365.0,4.54737523,43231.479999999996,45.43935753034755,40060.66181057342,46402.29818942657
718,2023-04-24,41365.0,41926.1,40406.2,41044.4,11.39083843,43199.405,44.121178062718485,39954.582501634584,46444.22749836541
719,2023-04-25,41046.1,41153.7,40892.2,40915.2,1.14037256,43148.14,43.572598654930026,39794.79677545552,46501.48322454448
